"","SCHOOLID","StIDStd","ST04Q01","ESCS","MATHEFF","MTSUP","WEALTH","LEADPD","SCHLTYPE","SMRATIO","TCMORALE"
"475555",1,2,2,0.89,-0.48,1.1169,0.27,0.6627,3,85.935,-1.4838
"475558",1,5,2,-0.35,-0.48,-0.2395,-0.64,0.6627,3,85.935,-1.4838
"475559",1,6,2,0.63,-0.18,-0.2395,0.01,0.6627,3,85.935,-1.4838
"475562",1,9,1,0.62,-0.63,-0.2395,0.91,0.6627,3,85.935,-1.4838
"475569",1,16,2,0.42,0.15,1.1169,0.57,0.6627,3,85.935,-1.4838
"475570",1,17,1,-0.35,0.54,-0.2395,0.57,0.6627,3,85.935,-1.4838
"475573",1,20,1,0.15,-0.33,1.8433,0.01,0.6627,3,85.935,-1.4838
"475581",1,28,2,-0.57,-0.48,1.1169,0.27,0.6627,3,85.935,-1.4838
"475614",3,61,1,-0.55,-0.18,0.6709,0.01,1.0394,3,126.333,-1.4838
"475615",3,62,1,1.71,2.27,-0.2395,1.33,1.0394,3,126.333,-1.4838
"475619",3,66,2,-0.34,2.27,0.6709,1.33,1.0394,3,126.333,-1.4838
"475622",3,69,2,-1.13,1.07,-0.9508,-1.16,1.0394,3,126.333,-1.4838
"475623",3,70,1,1.37,1.47,-0.6577,1.33,1.0394,3,126.333,-1.4838
"475632",3,79,2,0.46,2.27,0.2486,0.27,1.0394,3,126.333,-1.4838
"475635",3,82,1,-0.09,0.15,1.8433,0.01,1.0394,3,126.333,-1.4838
"475636",3,83,1,-0.53,-0.48,1.1169,0.6,1.0394,3,126.333,-1.4838
"475637",3,84,2,0.16,-0.48,-2.8645,-0.71,1.0394,3,126.333,-1.4838
"475641",3,88,2,0.12,-0.18,1.8433,-0.48,1.0394,3,126.333,-1.4838
"475643",3,90,1,0.87,0.15,-0.2395,0.27,1.0394,3,126.333,-1.4838
"475647",4,94,1,0.72,0.78,1.8433,1.33,1.7628,3,134.286,1.4452
"475653",4,100,2,-0.62,0.15,0.6709,0.27,1.7628,3,134.286,1.4452
"475655",4,102,1,1.45,-0.48,1.8433,1.33,1.7628,3,134.286,1.4452
"475657",4,104,2,1.28,-0.02,-0.6577,0.91,1.7628,3,134.286,1.4452
"475660",4,107,1,-0.37,1.07,0.2486,-0.48,1.7628,3,134.286,1.4452
"475665",4,112,2,-0.77,-0.48,1.1169,0.27,1.7628,3,134.286,1.4452
"475667",4,114,1,0.75,-0.48,-0.2395,0.01,1.7628,3,134.286,1.4452
"475668",4,115,2,-0.36,-0.18,0.2486,0.27,1.7628,3,134.286,1.4452
"475669",4,116,2,2.34,2.27,-0.2395,1.9,1.7628,3,134.286,1.4452
"475671",4,118,2,-2.61,-0.48,1.8433,-1.38,1.7628,3,134.286,1.4452
"475675",4,122,1,-0.78,0.78,-0.2395,0.01,1.7628,3,134.286,1.4452
"475679",5,126,2,-1,1.07,1.1169,-0.24,-0.386,9,85.5,1.4452
"475681",5,128,1,2.53,0.78,0.6709,3.02,-0.386,9,85.5,1.4452
"475685",5,132,2,1.01,-0.18,1.8433,1.9,-0.386,9,85.5,1.4452
"475690",5,137,1,0.86,-0.33,0.2486,0.57,-0.386,9,85.5,1.4452
"475691",5,138,2,1.71,2.27,1.1169,3.02,-0.386,9,85.5,1.4452
"475701",5,148,1,0.37,0.78,1.1169,0.01,-0.386,9,85.5,1.4452
"475702",5,149,1,0.98,-0.33,1.1169,0.91,-0.386,9,85.5,1.4452
"475705",5,152,2,1.49,1.47,1.1169,0.57,-0.386,9,85.5,1.4452
"475708",6,155,1,-0.87,-0.63,-0.6577,-0.94,1.7628,3,130.143,0.0826
"475713",6,160,2,0.28,1.07,-1.1894,0.57,1.7628,3,130.143,0.0826
"475714",6,161,1,-1.1,-0.33,-0.2395,-0.48,1.7628,3,130.143,0.0826
"475717",6,164,2,0.61,2.27,1.8433,0.01,1.7628,3,130.143,0.0826
"475724",6,171,2,1.61,0.02,-0.6577,1.19,1.7628,3,130.143,0.0826
"475727",6,174,2,0.3,-0.33,-0.2395,0.91,1.7628,3,130.143,0.0826
"475729",6,176,2,0.8,2.27,1.8433,0.27,1.7628,3,130.143,0.0826
"475730",6,177,2,-0.05,-0.33,-0.6577,1.33,1.7628,3,130.143,0.0826
"475731",6,178,1,-0.26,-1.06,-1.4093,-0.24,1.7628,3,130.143,0.0826
"475736",6,183,1,0.4,0.15,-0.9508,-0.24,1.7628,3,130.143,0.0826
"475737",6,184,1,1.86,1.47,0.6709,3.02,1.7628,3,130.143,0.0826
"475743",7,190,1,1.39,0.54,1.8433,0.91,1.7628,3,76.739,1.4452
"475751",7,198,2,1.14,0.34,1.1169,0.57,1.7628,3,76.739,1.4452
"475753",7,200,1,0.84,-0.33,-0.2395,1.9,1.7628,3,76.739,1.4452
"475755",7,202,2,1.45,1.07,0.2486,1.33,1.7628,3,76.739,1.4452
"475759",7,206,2,1.25,0.15,0.2486,0.27,1.7628,3,76.739,1.4452
"475760",7,207,2,1.43,0.15,-0.6577,1.33,1.7628,3,76.739,1.4452
"475764",7,211,2,1.11,0.34,0.6709,1.33,1.7628,3,76.739,1.4452
"475765",7,212,1,-0.04,0.78,0.6709,0.91,1.7628,3,76.739,1.4452
"475768",7,215,2,1.3,-0.18,1.1169,3.02,1.7628,3,76.739,1.4452
"475769",7,216,2,1.06,-0.02,1.1169,0.91,1.7628,3,76.739,1.4452
"475772",7,219,2,1.91,2.27,1.8433,1.9,1.7628,3,76.739,1.4452
"475776",8,223,2,-0.36,-0.63,-0.6577,0.91,1.0394,1,76.4,0.8541
"475779",8,226,2,1.28,1.47,1.1169,0.91,1.0394,1,76.4,0.8541
"475781",9,228,1,0.52,2.27,-0.6577,0.27,1.7628,3,126.611,0.4686
"475784",9,231,2,-1.21,-0.18,0.6709,0.01,1.7628,3,126.611,0.4686
"475787",9,234,1,0.61,0.15,-0.2395,1.33,1.7628,3,126.611,0.4686
"475789",9,236,1,-1.82,-1.86,-0.6577,-1.61,1.7628,3,126.611,0.4686
"475790",9,237,2,-1.55,-0.48,1.1169,-1.85,1.7628,3,126.611,0.4686
"475793",9,240,1,0.33,-0.63,-0.9508,-0.71,1.7628,3,126.611,0.4686
"475795",9,242,2,-1.47,1.47,0.2486,-0.94,1.7628,3,126.611,0.4686
"475808",9,255,2,-0.15,-0.48,0.2486,0.27,1.7628,3,126.611,0.4686
"475809",9,256,2,1.27,2.27,1.8433,3.02,1.7628,3,126.611,0.4686
"475815",9,262,2,-1.3,-0.18,-0.2395,1.33,1.7628,3,126.611,0.4686
"475818",10,265,2,-0.51,2.27,1.8433,3.02,1.7628,3,125.778,-0.7371
"475819",10,266,1,2.27,0.15,-0.6577,3.02,1.7628,3,125.778,-0.7371
"475820",10,267,2,-0.06,-0.33,1.8433,0.91,1.7628,3,125.778,-0.7371
"475821",10,268,1,0.5,0.54,-0.2395,-0.71,1.7628,3,125.778,-0.7371
"475823",10,270,2,2.04,-0.48,-1.6333,1.9,1.7628,3,125.778,-0.7371
"475828",10,275,2,-0.43,-0.33,-1.3901,0.27,1.7628,3,125.778,-0.7371
"475833",10,280,1,0.37,0.54,1.8433,1.9,1.7628,3,125.778,-0.7371
"475834",10,281,1,1.13,2.27,1.8433,0.01,1.7628,3,125.778,-0.7371
"475837",10,284,1,1.3,-1.36,0.6709,0.91,1.7628,3,125.778,-0.7371
"475840",10,287,1,0.47,-1.21,0.6709,0.01,1.7628,3,125.778,-0.7371
"475844",10,291,1,-0.82,-0.02,-0.2395,-1.16,1.7628,3,125.778,-0.7371
"475848",10,295,2,-1.45,1.07,1.8433,-0.71,1.7628,3,125.778,-0.7371
"475851",11,298,1,0.11,-0.92,-1.6333,-0.24,1.0394,3,64,-0.7371
"475853",11,300,1,-0.17,-0.48,-0.9508,0.57,1.0394,3,64,-0.7371
"475857",11,304,2,-0.13,-1.21,-0.6577,-0.71,1.0394,3,64,-0.7371
"475859",11,306,2,-1.17,-0.18,0.6709,-0.24,1.0394,3,64,-0.7371
"475890",13,337,1,0.19,-2.28,1.1169,1.9,0.1183,3,144.333,-0.7371
"475892",13,339,1,0.93,-0.18,-0.2395,1.33,0.1183,3,144.333,-0.7371
"475893",13,340,1,0.43,0.78,-0.2395,0.57,0.1183,3,144.333,-0.7371
"475895",13,342,2,-0.61,2.27,0.2486,0.57,0.1183,3,144.333,-0.7371
"475906",13,353,1,0.74,-0.33,0.6709,0.91,0.1183,3,144.333,-0.7371
"475908",13,355,2,-1.24,-0.48,-0.2395,-0.24,0.1183,3,144.333,-0.7371
"475910",13,357,2,-0.21,0.15,-0.2395,0.91,0.1183,3,144.333,-0.7371
"475911",13,358,2,-0.54,2.27,1.1169,0.27,0.1183,3,144.333,-0.7371
"475914",13,361,2,-1.36,-0.48,-1.1894,-0.71,0.1183,3,144.333,-0.7371
"475915",13,362,2,-0.09,-0.18,-0.2395,-0.48,0.1183,3,144.333,-0.7371
"475917",13,364,1,0.8,0.78,0.6709,3.02,0.1183,3,144.333,-0.7371
"475977",16,424,2,-1.9,-0.18,-0.2395,0.01,0.3739,3,92,-0.7371
"475978",16,425,2,0.32,-0.48,1.1169,1.33,0.3739,3,92,-0.7371
"475979",16,426,2,-1.25,-0.18,-0.2395,0.01,0.3739,3,92,-0.7371
"475984",16,431,1,0.44,-0.18,-0.2395,0.91,0.3739,3,92,-0.7371
"475985",16,432,1,-0.08,-1.06,-0.2395,0.91,0.3739,3,92,-0.7371
"475987",16,434,2,-0.52,-0.33,-0.2395,0.51,0.3739,3,92,-0.7371
"475992",16,439,1,0.2,2.27,-0.2395,0.01,0.3739,3,92,-0.7371
"475994",16,441,1,0.54,1.47,0.9397,1.19,0.3739,3,92,-0.7371
"475995",16,442,1,-1.32,-0.33,0.2486,0.01,0.3739,3,92,-0.7371
"475997",16,444,1,0.35,-0.18,-0.2395,0.27,0.3739,3,92,-0.7371
"475999",17,446,2,-0.33,-0.02,1.1169,0.57,0.3739,3,127.583,0.4686
"476003",17,450,1,0.14,0.15,-0.2395,-0.24,0.3739,3,127.583,0.4686
"476005",17,452,1,0.88,0.78,1.8433,0.27,0.3739,3,127.583,0.4686
"476006",17,453,2,0.66,2.27,-0.2395,0.91,0.3739,3,127.583,0.4686
"476007",17,454,1,-1.17,-0.18,1.1169,-0.48,0.3739,3,127.583,0.4686
"476012",17,459,2,0.8,0.54,-1.6333,0.57,0.3739,3,127.583,0.4686
"476015",17,462,1,-0.48,-0.33,-0.2395,0.27,0.3739,3,127.583,0.4686
"476016",17,463,1,-0.38,0.78,1.1169,0.57,0.3739,3,127.583,0.4686
"476018",17,465,1,-0.17,-0.02,1.8433,0.27,0.3739,3,127.583,0.4686
"476019",17,466,2,-0.38,-0.18,1.8433,-0.24,0.3739,3,127.583,0.4686
"476021",17,468,2,-0.33,0.15,1.8433,-1.38,0.3739,3,127.583,0.4686
"476024",17,471,2,-0.63,1.07,-0.2395,0.57,0.3739,3,127.583,0.4686
"476035",18,482,2,-0.46,-0.48,-0.2395,0.01,0.3739,3,137.429,0.0826
"476037",18,484,2,-0.4,-0.92,0.2486,-0.48,0.3739,3,137.429,0.0826
"476042",18,489,2,-1.11,-1.06,-1.8868,-0.24,0.3739,3,137.429,0.0826
"476043",18,490,2,9999,-1.21,0.2486,-0.24,0.3739,3,137.429,0.0826
"476045",18,492,1,-1.81,-0.77,-0.6577,-0.94,0.3739,3,137.429,0.0826
"476047",18,494,2,-1.7,-1.36,-1.1894,-1.16,0.3739,3,137.429,0.0826
"476050",18,497,1,-1.22,-0.18,-0.2395,-0.71,0.3739,3,137.429,0.0826
"476053",18,500,1,-0.32,-0.18,-1.4093,-1.16,0.3739,3,137.429,0.0826
"476059",18,506,2,-0.89,0.34,-0.6577,-1.38,0.3739,3,137.429,0.0826
"476067",19,514,1,0.33,-0.18,-0.2395,0.27,0.3739,3,109,-0.7371
"476069",19,516,1,0.96,0.15,1.8433,1.33,0.3739,3,109,-0.7371
"476072",19,519,1,-0.4,-0.18,-0.9508,0.57,0.3739,3,109,-0.7371
"476074",19,521,2,-1,0.54,1.1169,0.27,0.3739,3,109,-0.7371
"476077",19,524,2,0.4,-0.63,-0.6577,1.33,0.3739,3,109,-0.7371
"476083",19,530,1,0.8,0.34,1.8433,-1.16,0.3739,3,109,-0.7371
"476084",19,531,1,0.89,-2.28,-2.8645,0.57,0.3739,3,109,-0.7371
"476086",19,533,1,1.92,0.78,1.8433,3.02,0.3739,3,109,-0.7371
"476088",19,535,1,1.08,-0.77,1.8433,1.9,0.3739,3,109,-0.7371
"476090",20,537,2,0.54,1.47,-0.2395,-0.71,1.7628,3,109.545,0.0826
"476096",20,543,1,0.49,-0.77,0.2486,-0.24,1.7628,3,109.545,0.0826
"476098",20,545,1,-0.8,-0.92,-0.2395,-0.24,1.7628,3,109.545,0.0826
"476100",20,547,2,-0.26,-0.92,-0.2395,-0.48,1.7628,3,109.545,0.0826
"476106",20,553,1,-1.62,-0.63,-0.6577,-0.71,1.7628,3,109.545,0.0826
"476111",20,558,2,0.53,-1.36,0.2486,0.97,1.7628,3,109.545,0.0826
"476116",20,563,1,-0.02,-0.77,-2.222,-0.24,1.7628,3,109.545,0.0826
"476117",20,564,1,0.13,-0.63,-0.9508,0.57,1.7628,3,109.545,0.0826
"476118",20,565,1,-0.41,-0.18,0.6709,-0.94,1.7628,3,109.545,0.0826
"476123",21,570,1,1.02,-0.77,-0.2395,1.9,0.1183,3,140.077,-0.7371
"476124",21,571,2,-0.99,2.27,-1.4093,0.57,0.1183,3,140.077,-0.7371
"476125",21,572,2,0.28,0.15,-0.2395,-0.71,0.1183,3,140.077,-0.7371
"476127",21,574,2,0.58,0.34,0.2486,0.27,0.1183,3,140.077,-0.7371
"476139",21,586,2,0.41,0.54,1.8433,0.57,0.1183,3,140.077,-0.7371
"476140",21,587,1,0.79,-0.02,1.1169,1.9,0.1183,3,140.077,-0.7371
"476144",21,591,1,1.21,-0.33,0.6709,1.9,0.1183,3,140.077,-0.7371
"476145",21,592,2,-1.54,-0.63,-0.2395,0.01,0.1183,3,140.077,-0.7371
"476148",21,595,1,0.82,-0.48,-1.1894,0.01,0.1183,3,140.077,-0.7371
"476152",22,599,2,-1.04,-0.33,0.6709,-0.48,0.3739,3,122.429,0.4686
"476154",22,601,1,1.04,0.54,-0.2395,0.91,0.3739,3,122.429,0.4686
"476156",22,603,2,0.33,2.27,1.8433,1.9,0.3739,3,122.429,0.4686
"476161",22,608,1,-1.96,-1.86,-0.6577,-0.94,0.3739,3,122.429,0.4686
"476162",22,609,2,-0.37,2.27,-0.6577,-0.48,0.3739,3,122.429,0.4686
"476164",22,611,2,1.28,0.78,0.2486,1.88,0.3739,3,122.429,0.4686
"476168",22,615,1,0.55,1.47,-0.2395,0.01,0.3739,3,122.429,0.4686
"476169",22,616,1,0.21,1.47,-0.2395,0.57,0.3739,3,122.429,0.4686
"476171",22,618,2,1.28,-0.33,-0.6577,3.02,0.3739,3,122.429,0.4686
"476173",22,620,2,0.11,0.54,0.2486,0.91,0.3739,3,122.429,0.4686
"476174",22,621,2,-0.75,-1.06,-0.6577,0.24,0.3739,3,122.429,0.4686
"476178",22,625,2,0.13,0.34,-0.2395,0.91,0.3739,3,122.429,0.4686
"476179",22,626,2,-0.82,2.27,-0.2395,0.01,0.3739,3,122.429,0.4686
"476185",22,632,2,-0.75,1.47,-0.9508,-0.94,0.3739,3,122.429,0.4686
"476187",23,634,2,0.04,-0.18,1.8433,0.57,0.1183,3,89,-0.7371
"476194",23,641,1,-0.38,-0.02,0.2486,0.01,0.1183,3,89,-0.7371
"476197",23,644,1,0.73,-0.33,0.2486,0.57,0.1183,3,89,-0.7371
"476205",23,652,1,-0.2,0.15,0.2486,0.91,0.1183,3,89,-0.7371
"476206",23,653,1,-0.05,-0.92,1.8433,0.57,0.1183,3,89,-0.7371
"476207",23,654,1,0.19,0.15,0.6709,0.27,0.1183,3,89,-0.7371
"476208",23,655,2,0.92,0.15,1.1169,1.33,0.1183,3,89,-0.7371
"476211",23,658,1,0.82,-0.77,-0.2395,0.91,0.1183,3,89,-0.7371
"476215",23,662,2,-0.49,2.27,1.1169,0.91,0.1183,3,89,-0.7371
"476217",23,664,1,-1.25,-0.02,1.8433,-0.24,0.1183,3,89,-0.7371
"476221",24,668,1,0.54,0.34,1.1169,0.27,0.6627,3,113.667,1.4452
"476223",24,670,2,0.15,-0.02,-0.2395,0.01,0.6627,3,113.667,1.4452
"476228",24,675,2,1.02,0.54,-0.6577,0.27,0.6627,3,113.667,1.4452
"476229",24,676,2,1.14,2.27,0.6709,1.33,0.6627,3,113.667,1.4452
"476231",24,678,1,0.14,-0.18,-0.2395,-0.71,0.6627,3,113.667,1.4452
"476232",24,679,2,0.82,0.15,-0.2395,0.6,0.6627,3,113.667,1.4452
"476244",24,691,2,0.99,-0.77,-0.2395,1.33,0.6627,3,113.667,1.4452
"476245",24,692,1,0.43,-0.02,-0.2395,-0.71,0.6627,3,113.667,1.4452
"476251",24,698,2,0.18,0.15,-2.8645,0.91,0.6627,3,113.667,1.4452
"476252",24,699,2,-0.72,1.47,-1.1894,-0.71,0.6627,3,113.667,1.4452
"476253",24,700,2,1.68,2.27,1.8433,3.02,0.6627,3,113.667,1.4452
"476254",25,701,2,0.14,-0.02,0.2486,-0.48,1.7628,1,66.5,1.4452
"476264",26,711,1,-0.15,-1.06,-1.4093,-0.48,1.7628,3,108.143,0.0826
"476265",26,712,1,-0.49,-1.21,0.6709,1.33,1.7628,3,108.143,0.0826
"476267",26,714,1,-0.94,-0.02,-0.2395,0.27,1.7628,3,108.143,0.0826
"476273",26,720,2,-1.34,0.34,-0.2395,0.91,1.7628,3,108.143,0.0826
"476277",26,724,2,0.9,-0.02,1.8433,0.91,1.7628,3,108.143,0.0826
"476278",26,725,2,-2.41,-0.33,0.2486,-1.38,1.7628,3,108.143,0.0826
"476280",26,727,1,0.86,-0.18,-0.6577,1.33,1.7628,3,108.143,0.0826
"476284",26,731,2,0.97,-0.18,1.1169,0.57,1.7628,3,108.143,0.0826
"476285",26,732,1,-0.07,0.54,0.6709,0.27,1.7628,3,108.143,0.0826
"476287",26,734,1,-1.2,-0.48,-0.2395,0.27,1.7628,3,108.143,0.0826
"476289",26,736,2,-0.82,-0.18,-0.2395,0.57,1.7628,3,108.143,0.0826
"476292",27,739,2,-1.69,-0.18,-0.2395,-1.85,-0.8842,3,107.563,0.0826
"476293",27,740,1,-0.7,-0.02,1.1169,0.27,-0.8842,3,107.563,0.0826
"476300",27,747,2,0.23,-0.33,1.1169,1.9,-0.8842,3,107.563,0.0826
"476302",27,749,2,1.28,-0.09,0.6709,0.91,-0.8842,3,107.563,0.0826
"476304",27,751,1,-0.23,0.34,0.6709,1.33,-0.8842,3,107.563,0.0826
"476305",27,752,1,-0.85,-0.18,-0.9508,-1.38,-0.8842,3,107.563,0.0826
"476307",27,754,2,0.83,-0.18,-0.2395,0.01,-0.8842,3,107.563,0.0826
"476308",27,755,1,-1.21,0.34,-0.9508,0.01,-0.8842,3,107.563,0.0826
"476315",27,762,2,0.85,0.15,1.8433,1.33,-0.8842,3,107.563,0.0826
"476317",27,764,1,-0.04,-0.92,-0.2395,0.22,-0.8842,3,107.563,0.0826
"476323",27,770,1,0.65,2.27,1.1169,0.27,-0.8842,3,107.563,0.0826
"476328",28,775,2,1.77,2.27,1.8433,1.33,1.7628,3,179.053,1.4452
"476335",28,782,1,-1.12,-0.18,0.6709,-0.71,1.7628,3,179.053,1.4452
"476337",28,784,2,0.82,1.47,0.6709,0.27,1.7628,3,179.053,1.4452
"476339",28,786,2,1.34,0.34,1.1169,1.9,1.7628,3,179.053,1.4452
"476343",28,790,1,0.36,-0.63,0.6709,1.9,1.7628,3,179.053,1.4452
"476344",28,791,1,1.46,0.15,1.8433,1.33,1.7628,3,179.053,1.4452
"476346",28,793,2,1.05,1.47,-0.2395,1.9,1.7628,3,179.053,1.4452
"476347",28,794,2,2.51,-1.68,-1.8868,3.02,1.7628,3,179.053,1.4452
"476350",28,797,1,0.66,0.34,1.8433,0.91,1.7628,3,179.053,1.4452
"476351",28,798,2,1.35,0.54,0.2486,1.33,1.7628,3,179.053,1.4452
"476354",28,801,1,1.06,0.15,1.8433,0.57,1.7628,3,179.053,1.4452
"476356",28,803,1,1.26,-0.51,0.2486,1.9,1.7628,3,179.053,1.4452
"476357",28,804,2,1.79,0.15,0.6709,1.9,1.7628,3,179.053,1.4452
"476367",29,814,2,0.08,1.47,1.1169,0.01,1.7628,3,77.235,-0.7371
"476370",29,817,2,-2.16,-0.92,-0.6577,-0.24,1.7628,3,77.235,-0.7371
"476371",29,818,2,0,1.07,1.1169,0.57,1.7628,3,77.235,-0.7371
"476372",29,819,1,-1.38,-0.48,0.6709,0.27,1.7628,3,77.235,-0.7371
"476373",29,820,1,-0.99,-0.18,-0.6577,-0.94,1.7628,3,77.235,-0.7371
"476376",29,823,2,-1.53,-0.18,-0.2395,-0.24,1.7628,3,77.235,-0.7371
"476378",29,825,1,-1.25,-0.18,-0.2395,0.27,1.7628,3,77.235,-0.7371
"476381",29,828,1,-0.25,-0.02,0.6709,0.01,1.7628,3,77.235,-0.7371
"476382",29,829,1,0.4,0.15,1.8433,1.33,1.7628,3,77.235,-0.7371
"476383",29,830,2,0.69,-0.33,1.8433,0.27,1.7628,3,77.235,-0.7371
"476385",29,832,1,-1.44,-0.02,1.8433,0.27,1.7628,3,77.235,-0.7371
"476390",29,837,2,0.67,0.78,-2.8645,-0.2,1.7628,3,77.235,-0.7371
"476394",30,841,2,0.42,0.15,-0.2395,1.33,-0.3717,3,146.846,0.0826
"476396",30,843,2,0.45,0.34,-0.2395,3.02,-0.3717,3,146.846,0.0826
"476398",30,845,2,0.8,-0.48,-0.6577,1.9,-0.3717,3,146.846,0.0826
"476401",30,848,1,0.08,1.07,1.1169,-0.24,-0.3717,3,146.846,0.0826
"476403",30,850,1,-0.28,-0.92,1.1169,0.57,-0.3717,3,146.846,0.0826
"476410",30,857,1,0.06,-0.63,0.2486,0.27,-0.3717,3,146.846,0.0826
"476414",30,861,1,-2.38,-0.48,0.2486,-1.61,-0.3717,3,146.846,0.0826
"476418",30,865,1,0.77,0.54,0.6709,0.01,-0.3717,3,146.846,0.0826
"476419",30,866,2,-0.84,-0.92,-1.4093,0.91,-0.3717,3,146.846,0.0826
"476420",30,867,1,0.34,1.07,-0.2395,0.57,-0.3717,3,146.846,0.0826
"476422",30,869,1,-0.07,0.54,0.6709,0.91,-0.3717,3,146.846,0.0826
"476430",31,877,2,-0.83,1.47,1.8433,0.01,0.3739,3,195.143,-0.7371
"476432",31,879,1,1.05,-0.18,-0.2395,-0.24,0.3739,3,195.143,-0.7371
"476434",31,881,1,-1.12,-0.63,-0.2395,-0.24,0.3739,3,195.143,-0.7371
"476436",31,883,2,2.02,2.27,1.8433,1.9,0.3739,3,195.143,-0.7371
"476441",31,888,1,-0.45,-0.48,-1.1894,0.91,0.3739,3,195.143,-0.7371
"476447",31,894,2,-0.12,-0.63,0.2486,0.57,0.3739,3,195.143,-0.7371
"476450",31,897,1,-1.23,-1.51,0.6709,-1.61,0.3739,3,195.143,-0.7371
"476451",31,898,2,1.41,1.07,1.8433,0.91,0.3739,3,195.143,-0.7371
"476456",31,903,2,-1.05,0.78,-0.2395,-0.48,0.3739,3,195.143,-0.7371
"476457",31,904,2,-0.56,-0.33,0.2486,0.27,0.3739,3,195.143,-0.7371
"476461",31,908,2,0.4,-0.92,-0.6577,-0.34,0.3739,3,195.143,-0.7371
"476468",32,915,1,1.25,1.07,-1.6333,1.33,0.3739,3,126.917,-0.7371
"476470",32,917,2,1.11,0.15,1.8433,0.91,0.3739,3,126.917,-0.7371
"476472",32,919,1,0.04,0.54,-0.2395,0.01,0.3739,3,126.917,-0.7371
"476474",32,921,2,1.03,2.27,1.8433,0.91,0.3739,3,126.917,-0.7371
"476477",32,924,1,0.1,-0.77,-0.2395,0.27,0.3739,3,126.917,-0.7371
"476480",32,927,1,0.68,1.07,-0.2395,1.9,0.3739,3,126.917,-0.7371
"476482",32,929,1,1.32,-0.63,1.1169,1.9,0.3739,3,126.917,-0.7371
"476484",32,931,1,1,-0.33,1.8433,1.33,0.3739,3,126.917,-0.7371
"476485",32,932,1,2.24,0.15,-0.2395,3.02,0.3739,3,126.917,-0.7371
"476488",32,935,1,0.79,-0.63,-0.2395,0.91,0.3739,3,126.917,-0.7371
"476494",33,941,2,-0.64,1.47,-1.4093,1.33,1.7628,3,132.857,-0.7371
"476498",33,945,2,0.72,1.47,-0.9508,0.54,1.7628,3,132.857,-0.7371
"476499",33,946,1,-0.98,0.78,-0.2395,0.01,1.7628,3,132.857,-0.7371
"476501",33,948,2,-0.1,0.54,1.1169,0.91,1.7628,3,132.857,-0.7371
"476505",33,952,2,0.99,2.27,0.6709,1.33,1.7628,3,132.857,-0.7371
"476508",33,955,1,0.25,2.27,1.8433,0.01,1.7628,3,132.857,-0.7371
"476510",33,957,1,-1.57,-0.18,1.1169,-1.16,1.7628,3,132.857,-0.7371
"476512",33,959,2,1.25,-0.18,0.2486,0.91,1.7628,3,132.857,-0.7371
"476519",33,966,1,-0.03,0.34,-0.6577,0.01,1.7628,3,132.857,-0.7371
"476520",33,967,1,-1.23,0.78,0.6709,-1.61,1.7628,3,132.857,-0.7371
"476559",35,1006,1,-0.19,0.34,0.2486,0.57,1.0394,3,175.484,0.0826
"476573",35,1020,2,-0.48,-0.77,0.2486,0.01,1.0394,3,175.484,0.0826
"476575",35,1022,2,-0.34,-1.21,-0.2395,-0.48,1.0394,3,175.484,0.0826
"476577",35,1024,2,-0.21,0.15,-0.9508,-0.71,1.0394,3,175.484,0.0826
"476580",35,1027,1,0.08,0.78,0.6709,-0.48,1.0394,3,175.484,0.0826
"476585",35,1032,1,0.51,-0.92,0.6709,1.9,1.0394,3,175.484,0.0826
"476589",36,1036,1,-0.29,-1.68,-0.2395,-0.24,0.6627,3,87.253,-0.7371
"476590",36,1037,1,0.45,-0.48,-0.6577,0.91,0.6627,3,87.253,-0.7371
"476597",36,1044,2,-0.02,2.27,1.8433,-0.24,0.6627,3,87.253,-0.7371
"476598",36,1045,1,0.82,0.15,1.1169,0.57,0.6627,3,87.253,-0.7371
"476599",36,1046,1,-0.75,-0.77,0.6709,-0.48,0.6627,3,87.253,-0.7371
"476605",36,1052,1,1.78,0.15,-0.2395,1.9,0.6627,3,87.253,-0.7371
"476607",36,1054,2,0.08,-0.63,-0.2395,-0.48,0.6627,3,87.253,-0.7371
"476610",36,1057,2,-0.59,-0.92,1.8433,0.01,0.6627,3,87.253,-0.7371
"476611",37,1058,2,0.56,-0.18,1.1169,0.33,0.3739,3,109.769,1.4452
"476612",37,1059,1,0.82,0.78,-0.2395,0.27,0.3739,3,109.769,1.4452
"476614",37,1061,1,0.02,-0.92,-0.2395,-0.24,0.3739,3,109.769,1.4452
"476619",37,1066,2,-0.32,-0.63,-0.6577,1.33,0.3739,3,109.769,1.4452
"476620",37,1067,2,-0.05,0.34,1.1169,0.57,0.3739,3,109.769,1.4452
"476621",37,1068,2,0.83,1.07,0.2486,0.27,0.3739,3,109.769,1.4452
"476622",37,1069,2,0.85,0.78,1.1169,1.9,0.3739,3,109.769,1.4452
"476624",37,1071,1,1.07,-0.48,-0.6577,1.9,0.3739,3,109.769,1.4452
"476629",37,1076,1,-1.14,-0.77,1.1169,-1.16,0.3739,3,109.769,1.4452
"476633",37,1080,2,0.6,-0.48,1.8433,0.91,0.3739,3,109.769,1.4452
"476641",38,1088,1,-1.86,-0.77,-0.6577,0.01,1.0394,3,93.756,-0.7371
"476644",38,1091,1,-0.97,-0.33,-0.2395,-0.94,1.0394,3,93.756,-0.7371
"476646",38,1093,2,-1.8,-0.48,1.8433,0.01,1.0394,3,93.756,-0.7371
"476648",38,1095,2,-1.51,-0.18,-0.9508,-0.94,1.0394,3,93.756,-0.7371
"476657",38,1104,1,-1.21,-0.18,-1.4093,0.01,1.0394,3,93.756,-0.7371
"476664",38,1111,1,-0.61,-0.77,-1.1894,-1.38,1.0394,3,93.756,-0.7371
"476665",38,1112,1,-0.58,-0.18,-0.2395,0.57,1.0394,3,93.756,-0.7371
"476668",38,1115,1,-1.59,-0.18,0.6709,-0.94,1.0394,3,93.756,-0.7371
"476671",38,1118,2,-1.02,-0.18,0.2486,-0.48,1.0394,3,93.756,-0.7371
"476674",38,1121,1,-0.61,-0.48,-0.2395,0.91,1.0394,3,93.756,-0.7371
"476675",38,1122,2,-0.17,0.15,0.2486,0.27,1.0394,3,93.756,-0.7371
"476676",38,1123,2,0.58,0.54,1.1169,1.33,1.0394,3,93.756,-0.7371
"476678",38,1125,1,1.87,-1.36,-0.9508,0.27,1.0394,3,93.756,-0.7371
"476683",39,1130,1,0.8,0.54,0.2486,0.91,1.7628,3,148,0.0826
"476688",39,1135,1,1.58,2.27,1.8433,1.33,1.7628,3,148,0.0826
"476690",39,1137,2,0.92,2.27,-0.6577,-0.48,1.7628,3,148,0.0826
"476692",39,1139,2,-0.17,0.54,-0.2395,0.01,1.7628,3,148,0.0826
"476694",40,1141,2,1.23,0.78,1.8433,1.9,-0.3717,1,109.2,0.0826
"476699",40,1146,1,-0.32,-0.77,0.6709,0.01,-0.3717,1,109.2,0.0826
"476700",40,1147,2,0.89,-1.21,-0.2395,0.27,-0.3717,1,109.2,0.0826
"476710",40,1157,1,0.61,1.47,0.6709,1.9,-0.3717,1,109.2,0.0826
"476713",40,1160,1,0.31,-0.02,-0.9508,-0.24,-0.3717,1,109.2,0.0826
"476716",40,1163,2,1.02,1.47,0.6709,0.01,-0.3717,1,109.2,0.0826
"476718",40,1165,1,0.59,0.34,0.2486,0.91,-0.3717,1,109.2,0.0826
"476719",40,1166,1,1.19,-0.02,0.2486,0.57,-0.3717,1,109.2,0.0826
"476723",41,1170,1,1.23,-0.18,0.6709,0.57,0.3739,3,84.231,-1.4838
"476724",41,1171,1,0.51,-0.02,-0.2395,0.27,0.3739,3,84.231,-1.4838
"476732",41,1179,1,2.02,2.27,0.2486,3.02,0.3739,3,84.231,-1.4838
"476733",41,1180,1,0.37,-0.92,0.2486,0.91,0.3739,3,84.231,-1.4838
"476735",41,1182,1,1.23,0.54,1.8433,0.01,0.3739,3,84.231,-1.4838
"476737",41,1184,2,0.9,1.07,0.6709,1.9,0.3739,3,84.231,-1.4838
"476740",41,1187,1,1.1,0.15,0.6709,0.27,0.3739,3,84.231,-1.4838
"476742",41,1189,1,0.16,-0.77,-0.2395,0.01,0.3739,3,84.231,-1.4838
"476744",41,1191,2,1.78,0.34,-0.6577,1.9,0.3739,3,84.231,-1.4838
"476746",41,1193,2,0.05,-0.33,-0.9508,0.27,0.3739,3,84.231,-1.4838
"476750",41,1197,2,0.6,1.07,-0.6577,1.9,0.3739,3,84.231,-1.4838
"476752",41,1199,2,1.18,0.78,-0.2395,0.01,0.3739,3,84.231,-1.4838
"476755",41,1202,1,0.67,0.78,0.6709,-0.24,0.3739,3,84.231,-1.4838
"476786",44,1233,1,0.71,0.34,-0.9508,0.57,0.1183,3,243.636,0.4686
"476789",44,1236,1,0.3,1.07,1.8433,0.27,0.1183,3,243.636,0.4686
"476790",44,1237,2,-0.57,-0.33,-0.6577,-0.94,0.1183,3,243.636,0.4686
"476799",44,1246,1,1.21,0.15,0.6709,1.9,0.1183,3,243.636,0.4686
"476801",44,1248,2,1.28,-0.02,-1.1894,1.33,0.1183,3,243.636,0.4686
"476802",44,1249,2,0.47,1.47,-0.6577,0.57,0.1183,3,243.636,0.4686
"476807",44,1254,1,-0.22,-0.77,-0.6577,-0.71,0.1183,3,243.636,0.4686
"476808",44,1255,2,-0.91,1.52,1.1169,-0.01,0.1183,3,243.636,0.4686
"476812",44,1259,1,0.69,-0.33,1.1169,0.27,0.1183,3,243.636,0.4686
"476814",44,1261,1,-2.35,-1.21,-0.6577,-1.61,0.1183,3,243.636,0.4686
"476817",45,1264,2,0.13,-0.18,-0.2395,0.27,-1.7186,3,13.871,-0.7371
"476818",45,1265,2,-0.41,-0.48,1.1169,0.57,-1.7186,3,13.871,-0.7371
"476823",45,1270,2,-0.57,2.27,1.8433,0.27,-1.7186,3,13.871,-0.7371
"476827",45,1274,2,-0.95,-0.77,-2.222,0.57,-1.7186,3,13.871,-0.7371
"476828",45,1275,2,-0.32,2.19,1.1169,0.01,-1.7186,3,13.871,-0.7371
"476833",45,1280,2,-0.36,1.47,-0.2395,1.33,-1.7186,3,13.871,-0.7371
"476844",45,1291,2,-0.11,-1.06,-0.2395,0.01,-1.7186,3,13.871,-0.7371
"476845",45,1292,2,-0.89,-0.18,-0.6577,0.09,-1.7186,3,13.871,-0.7371
"476846",45,1293,1,-0.61,-0.02,0.6709,0.01,-1.7186,3,13.871,-0.7371
"476869",47,1316,2,-0.83,0.15,1.8433,0.57,-0.1263,3,49.75,-0.7371
"476872",47,1319,2,1.11,1.07,-1.4093,1.33,-0.1263,3,49.75,-0.7371
"476876",47,1323,2,0.7,-0.02,0.2486,0.57,-0.1263,3,49.75,-0.7371
"476877",47,1324,2,0.63,-0.18,-0.6577,0.91,-0.1263,3,49.75,-0.7371
"476880",47,1327,2,-0.23,-0.48,-0.2395,0.01,-0.1263,3,49.75,-0.7371
"476881",47,1328,1,-0.15,0.34,0.2486,-0.71,-0.1263,3,49.75,-0.7371
"476882",47,1329,2,0.7,-0.18,0.2486,1.33,-0.1263,3,49.75,-0.7371
"476883",47,1330,2,-0.59,2.27,-1.1894,0.27,-0.1263,3,49.75,-0.7371
"476884",47,1331,1,0.33,0.15,-0.6577,0.91,-0.1263,3,49.75,-0.7371
"476885",47,1332,2,0.14,1.07,-0.2395,0.91,-0.1263,3,49.75,-0.7371
"476892",47,1339,2,0.95,0.54,-0.2395,1.9,-0.1263,3,49.75,-0.7371
"476893",47,1340,2,-0.78,0.15,-0.6577,0.27,-0.1263,3,49.75,-0.7371
"476896",47,1343,1,1.23,-0.02,0.6709,0.27,-0.1263,3,49.75,-0.7371
"476902",48,1349,1,-1.53,-0.33,1.1169,0.01,0.3739,3,100.19,-0.7371
"476905",48,1352,2,-0.98,1.47,1.1169,0.01,0.3739,3,100.19,-0.7371
"476906",48,1353,2,0.32,-0.48,-2.8645,2.79,0.3739,3,100.19,-0.7371
"476907",48,1354,2,-0.48,-0.33,-0.2395,0.27,0.3739,3,100.19,-0.7371
"476908",48,1355,1,-0.92,-0.02,1.1169,-0.48,0.3739,3,100.19,-0.7371
"476909",48,1356,1,9999,-0.18,-0.2395,0.57,0.3739,3,100.19,-0.7371
"476913",48,1360,1,0.16,-0.18,-0.6577,0.57,0.3739,3,100.19,-0.7371
"476916",48,1363,1,0.2,1.07,1.8433,0.57,0.3739,3,100.19,-0.7371
"476919",48,1366,2,-0.89,-1.21,-0.9508,-1.38,0.3739,3,100.19,-0.7371
"476920",48,1367,1,-0.23,0.34,1.8433,-0.71,0.3739,3,100.19,-0.7371
"476928",48,1375,1,-0.92,-0.77,0.6709,-0.23,0.3739,3,100.19,-0.7371
"476933",48,1380,1,-1.17,0.78,0.2486,-0.94,0.3739,3,100.19,-0.7371
"476936",48,1383,1,-0.23,-0.33,-0.2395,0.27,0.3739,3,100.19,-0.7371
"476937",48,1384,1,-1.7,-0.18,1.1169,-0.94,0.3739,3,100.19,-0.7371
"476939",48,1386,2,-1.79,-1.06,-0.9508,0.27,0.3739,3,100.19,-0.7371
"476941",49,1388,2,1.71,-0.18,-0.2395,0.91,0.1183,3,151.333,-3.9788
"476947",49,1394,2,1.28,0.78,0.2486,1.9,0.1183,3,151.333,-3.9788
"476958",49,1405,1,1.78,2.27,-0.6577,1.9,0.1183,3,151.333,-3.9788
"476959",49,1406,1,0.34,-0.02,0.2486,-0.24,0.1183,3,151.333,-3.9788
"476960",49,1407,1,2.6,0.54,0.6709,3.02,0.1183,3,151.333,-3.9788
"476961",49,1408,2,0.87,1.07,-0.2395,0.57,0.1183,3,151.333,-3.9788
"476965",49,1412,1,0.99,-1.68,1.8433,1.9,0.1183,3,151.333,-3.9788
"476966",49,1413,2,1.39,0.54,-0.6577,1.9,0.1183,3,151.333,-3.9788
"476971",49,1418,2,2.36,-0.48,-0.2395,3.02,0.1183,3,151.333,-3.9788
"476972",49,1419,2,0.53,-0.18,-0.2395,1.33,0.1183,3,151.333,-3.9788
"476973",50,1420,1,0.61,-0.18,-0.6577,0.57,1.7628,3,150.933,0.8541
"476976",50,1423,2,0.06,-1.51,-0.9508,-0.71,1.7628,3,150.933,0.8541
"476981",50,1428,2,-1.41,-0.18,0.6709,-0.71,1.7628,3,150.933,0.8541
"476988",50,1435,2,0.57,-0.33,0.6709,-0.24,1.7628,3,150.933,0.8541
"476989",50,1436,2,1.15,2.27,-0.2395,-0.48,1.7628,3,150.933,0.8541
"476991",50,1438,1,0.43,-0.33,0.6709,-0.94,1.7628,3,150.933,0.8541
"476993",50,1440,1,1.12,-0.18,-0.2395,0.57,1.7628,3,150.933,0.8541
"476995",50,1442,2,-1.42,-0.77,-0.2395,0.54,1.7628,3,150.933,0.8541
"476999",50,1446,1,-1.88,-1.06,-1.1894,-0.48,1.7628,3,150.933,0.8541
"477004",50,1451,2,0.45,2.27,1.8433,-2.11,1.7628,3,150.933,0.8541
"477005",50,1452,1,0.81,0.54,-0.2395,-0.71,1.7628,3,150.933,0.8541
"477008",51,1455,1,0.1,-0.48,-0.2395,1.33,1.0394,3,116,-1.4838
"477014",51,1461,2,0.78,0.54,-0.2395,0.57,1.0394,3,116,-1.4838
"477021",51,1468,1,2.24,0.54,1.8433,3.02,1.0394,3,116,-1.4838
"477024",51,1471,1,0.63,0.78,0.6709,0.91,1.0394,3,116,-1.4838
"477025",51,1472,2,0.74,-0.18,1.8433,0.91,1.0394,3,116,-1.4838
"477026",51,1473,2,1,1.47,-0.2395,1.33,1.0394,3,116,-1.4838
"477028",51,1475,2,-0.86,-0.18,-0.6577,0.01,1.0394,3,116,-1.4838
"477034",51,1481,2,0.75,-0.78,-0.2395,1.33,1.0394,3,116,-1.4838
"477036",51,1483,2,-0.12,0.78,0.2486,0.91,1.0394,3,116,-1.4838
"477037",51,1484,2,0.68,-0.18,-0.6577,0.01,1.0394,3,116,-1.4838
"477042",52,1489,1,-0.98,-0.77,0.2486,-0.71,0.9056,3,130.462,-0.7371
"477044",52,1491,1,0.89,0.15,1.1169,1.33,0.9056,3,130.462,-0.7371
"477046",52,1493,1,0.18,1.07,1.1169,0.27,0.9056,3,130.462,-0.7371
"477049",52,1496,1,-0.04,-0.33,-2.8645,0.57,0.9056,3,130.462,-0.7371
"477052",52,1499,1,-1.03,-0.92,-0.2395,-0.48,0.9056,3,130.462,-0.7371
"477053",52,1500,2,1.43,0.34,1.8433,1.33,0.9056,3,130.462,-0.7371
"477054",52,1501,1,0.63,-0.02,1.1169,0.01,0.9056,3,130.462,-0.7371
"477057",52,1504,2,0.1,0.15,-0.2395,0.27,0.9056,3,130.462,-0.7371
"477065",52,1512,2,1.19,-0.18,0.2486,1.9,0.9056,3,130.462,-0.7371
"477066",52,1513,1,0.16,2.27,1.1169,0.91,0.9056,3,130.462,-0.7371
"477106",54,1553,2,-0.49,-0.38,-0.2395,-0.71,0.3739,3,153.375,-1.4838
"477107",54,1554,1,2.09,2.27,1.8433,3.02,0.3739,3,153.375,-1.4838
"477108",54,1555,2,0.68,-0.18,-0.2395,0.01,0.3739,3,153.375,-1.4838
"477112",54,1559,2,0.78,-0.77,-0.6577,0.57,0.3739,3,153.375,-1.4838
"477113",54,1560,2,1.02,2.27,1.8433,1.33,0.3739,3,153.375,-1.4838
"477125",54,1572,1,0.45,-0.18,-0.2395,-0.24,0.3739,3,153.375,-1.4838
"477128",54,1575,1,-1.15,0.54,-0.6577,-0.24,0.3739,3,153.375,-1.4838
"477132",54,1579,1,1.52,-0.77,-0.9508,0.91,0.3739,3,153.375,-1.4838
"477133",55,1580,2,-1.04,0.54,1.8433,-1.42,1.0394,3,120.667,-1.8308
"477134",55,1581,2,-0.84,-0.18,-0.2395,-0.94,1.0394,3,120.667,-1.8308
"477136",55,1583,2,0.31,-0.02,0.2486,0.27,1.0394,3,120.667,-1.8308
"477138",55,1585,1,-0.45,-1.06,1.8433,-0.24,1.0394,3,120.667,-1.8308
"477140",55,1587,2,-0.69,-0.18,-0.2395,-0.24,1.0394,3,120.667,-1.8308
"477149",55,1596,2,0.09,-0.18,-0.9508,0.91,1.0394,3,120.667,-1.8308
"477151",55,1598,1,0.62,0.54,-0.2395,0.57,1.0394,3,120.667,-1.8308
"477153",55,1600,2,1.2,0.78,0.2486,1.33,1.0394,3,120.667,-1.8308
"477161",55,1608,2,0.96,-0.18,-0.2395,0.63,1.0394,3,120.667,-1.8308
"477162",55,1609,2,-0.09,-0.77,-0.6577,-0.48,1.0394,3,120.667,-1.8308
"477164",55,1611,1,0.03,-0.63,-0.2395,0.48,1.0394,3,120.667,-1.8308
"477165",56,1612,1,0.44,-0.33,1.1169,0.91,0.6627,3,79.8,-0.7371
"477168",56,1615,2,0.05,0.34,1.8433,0.01,0.6627,3,79.8,-0.7371
"477170",56,1617,2,0.4,1.07,-0.2395,0.27,0.6627,3,79.8,-0.7371
"477174",56,1621,2,-1.29,-0.48,-0.2395,-1.16,0.6627,3,79.8,-0.7371
"477175",56,1622,1,-0.11,0.54,0.6709,0.57,0.6627,3,79.8,-0.7371
"477176",56,1623,1,-0.89,-0.18,-0.2395,-0.71,0.6627,3,79.8,-0.7371
"477177",56,1624,1,-0.78,-0.63,-1.4093,0.57,0.6627,3,79.8,-0.7371
"477187",56,1634,2,-0.86,-0.92,-0.2395,-1.61,0.6627,3,79.8,-0.7371
"477191",56,1638,1,0.78,-0.02,0.6709,1.9,0.6627,3,79.8,-0.7371
"477192",56,1639,1,-1.16,-0.63,-0.2395,-0.71,0.6627,3,79.8,-0.7371
"477194",56,1641,2,-0.09,-0.18,0.2486,1.33,0.6627,3,79.8,-0.7371
"477198",57,1645,2,0.36,1.07,1.1169,0.27,0.1183,3,158.2,-0.7371
"477200",57,1647,2,-1.17,1.47,-1.4093,-0.71,0.1183,3,158.2,-0.7371
"477201",57,1648,2,-0.69,-0.17,-0.6577,1.33,0.1183,3,158.2,-0.7371
"477205",57,1652,2,0.52,2.11,1.6748,-0.63,0.1183,3,158.2,-0.7371
"477206",57,1653,1,-0.32,-0.02,-0.2395,-1.38,0.1183,3,158.2,-0.7371
"477210",57,1657,2,0.42,1.47,-2.8645,1.33,0.1183,3,158.2,-0.7371
"477211",57,1658,2,-0.67,-0.02,-0.2395,0.27,0.1183,3,158.2,-0.7371
"477212",57,1659,1,0.55,-1.21,-1.1894,0.57,0.1183,3,158.2,-0.7371
"477217",57,1664,1,-0.84,-0.63,-0.2395,-0.71,0.1183,3,158.2,-0.7371
"477222",57,1669,1,-0.69,0.54,1.1169,-0.48,0.1183,3,158.2,-0.7371
"477223",57,1670,2,0.42,1.47,-0.2395,0.27,0.1183,3,158.2,-0.7371
"477224",57,1671,2,0.38,2.27,1.8433,0.91,0.1183,3,158.2,-0.7371
"477225",57,1672,1,0.44,-0.33,1.1169,0.24,0.1183,3,158.2,-0.7371
"477234",58,1681,2,-0.11,0.15,-0.2395,-0.24,-0.8842,3,140,-1.8308
"477241",58,1688,2,1.21,1.07,1.8433,2.97,-0.8842,3,140,-1.8308
"477242",58,1689,2,1.67,2.27,1.8433,0.91,-0.8842,3,140,-1.8308
"477243",58,1690,2,-0.98,-0.18,1.1169,-0.48,-0.8842,3,140,-1.8308
"477244",58,1691,2,0.22,-0.18,0.2486,0.01,-0.8842,3,140,-1.8308
"477247",58,1694,1,1.95,2.27,-0.2395,3.02,-0.8842,3,140,-1.8308
"477248",58,1695,2,-1.38,-0.48,1.1169,-0.24,-0.8842,3,140,-1.8308
"477250",58,1697,1,-0.85,0.34,1.8433,-0.48,-0.8842,3,140,-1.8308
"477251",58,1698,2,-0.27,2.27,1.1169,-0.48,-0.8842,3,140,-1.8308
"477256",58,1703,2,0.96,2.27,1.8433,1.9,-0.8842,3,140,-1.8308
"477258",58,1705,1,0.54,1.47,0.2486,-0.24,-0.8842,3,140,-1.8308
"477264",59,1711,1,-1.09,-0.48,0.6709,-1.16,1.7628,3,105,-0.7371
"477271",59,1718,2,0.92,-0.33,1.1169,-0.71,1.7628,3,105,-0.7371
"477274",59,1721,1,1.19,-0.33,-0.2395,0.27,1.7628,3,105,-0.7371
"477275",59,1722,1,0.66,-0.48,0.2486,0.01,1.7628,3,105,-0.7371
"477281",59,1728,1,1.17,-0.92,1.1169,0.57,1.7628,3,105,-0.7371
"477282",59,1729,1,-1,-0.33,-1.1894,-1.16,1.7628,3,105,-0.7371
"477284",59,1731,2,-0.7,0.78,1.1169,0.91,1.7628,3,105,-0.7371
"477288",59,1735,2,-1.33,-0.63,1.8433,-0.71,1.7628,3,105,-0.7371
"477290",59,1737,1,0.23,-0.77,-0.6577,0.57,1.7628,3,105,-0.7371
"477291",59,1738,2,0.37,0.54,0.6709,0.57,1.7628,3,105,-0.7371
"477292",59,1739,2,0.95,0.78,0.6709,1.33,1.7628,3,105,-0.7371
"477294",59,1741,1,-1.71,-0.48,1.8433,-0.71,1.7628,3,105,-0.7371
"477295",59,1742,1,-1.02,0.78,1.1169,-0.71,1.7628,3,105,-0.7371
"477296",59,1743,2,-1.17,0.15,1.8433,-1.16,1.7628,3,105,-0.7371
"477302",60,1749,2,-1.13,0.54,-0.9508,-0.94,1.7628,3,110.063,1.4452
"477305",60,1752,2,0.44,-0.18,1.8433,-0.24,1.7628,3,110.063,1.4452
"477310",60,1757,1,0.8,-0.33,1.1169,-0.24,1.7628,3,110.063,1.4452
"477314",60,1761,1,0.79,-0.48,1.8433,0.01,1.7628,3,110.063,1.4452
"477324",60,1771,2,1.12,2.27,1.1169,-0.48,1.7628,3,110.063,1.4452
"477325",60,1772,2,1.67,-0.18,0.6709,1.9,1.7628,3,110.063,1.4452
"477328",60,1775,1,0.95,-0.02,-0.2395,-0.24,1.7628,3,110.063,1.4452
"477329",60,1776,2,-1.4,2.27,1.8433,-0.71,1.7628,3,110.063,1.4452
"477333",61,1780,2,1.87,2.27,-0.6577,1.9,1.7628,3,87.524,0.4686
"477336",61,1783,1,0.9,1.47,0.2486,0.91,1.7628,3,87.524,0.4686
"477339",61,1786,2,-0.36,-0.18,-0.2395,1.9,1.7628,3,87.524,0.4686
"477340",61,1787,1,1.04,0.34,1.8433,0.91,1.7628,3,87.524,0.4686
"477341",61,1788,1,1.86,-0.18,0.6709,3.02,1.7628,3,87.524,0.4686
"477342",61,1789,2,-0.38,0.54,1.1169,0.57,1.7628,3,87.524,0.4686
"477346",61,1793,2,-0.58,-0.48,-0.2395,0.01,1.7628,3,87.524,0.4686
"477349",61,1796,2,0.94,-0.18,-0.6577,1.21,1.7628,3,87.524,0.4686
"477352",61,1799,1,0.49,0.15,1.1169,1.33,1.7628,3,87.524,0.4686
"477353",61,1800,2,0.74,1.47,-0.2395,0.27,1.7628,3,87.524,0.4686
"477359",61,1806,1,1.88,2.27,1.8433,3.02,1.7628,3,87.524,0.4686
"477364",62,1811,2,-1.84,0.15,0.6709,-0.94,1.7628,3,179.125,-1.4838
"477367",62,1814,2,0.42,-0.63,0.2486,0.91,1.7628,3,179.125,-1.4838
"477370",62,1817,2,-0.17,-0.48,-0.9508,-0.71,1.7628,3,179.125,-1.4838
"477371",62,1818,1,0.19,-0.48,0.6709,0.57,1.7628,3,179.125,-1.4838
"477375",62,1822,1,-0.04,1.47,1.1169,0.57,1.7628,3,179.125,-1.4838
"477376",62,1823,2,0,-0.33,-0.2395,0.91,1.7628,3,179.125,-1.4838
"477377",62,1824,1,-1.79,-1.06,1.1169,0.27,1.7628,3,179.125,-1.4838
"477378",62,1825,1,-0.27,0.15,-1.0632,-0.29,1.7628,3,179.125,-1.4838
"477387",62,1834,1,-0.66,1.07,0.6709,0.01,1.7628,3,179.125,-1.4838
"477390",62,1837,1,0.11,-0.02,0.2486,0.91,1.7628,3,179.125,-1.4838
"477391",62,1838,2,0.18,0.34,1.8433,0.27,1.7628,3,179.125,-1.4838
"477394",63,1841,1,0.07,-0.02,-0.9508,0.01,1.7628,3,100.143,-0.7371
"477395",63,1842,2,0.63,-1.36,-0.2395,0.91,1.7628,3,100.143,-0.7371
"477400",63,1847,1,-0.31,-0.02,0.2486,0.01,1.7628,3,100.143,-0.7371
"477401",63,1848,2,0.03,0.54,-0.2395,1.33,1.7628,3,100.143,-0.7371
"477405",63,1852,1,-0.21,-0.33,-0.2395,0.27,1.7628,3,100.143,-0.7371
"477407",63,1854,1,1.29,0.54,0.6709,0.91,1.7628,3,100.143,-0.7371
"477409",63,1856,1,1.23,-0.18,-0.6577,1.33,1.7628,3,100.143,-0.7371
"477415",63,1862,2,9999,-0.18,-0.6577,1.9,1.7628,3,100.143,-0.7371
"477419",63,1866,1,1.01,0.15,0.2486,1.33,1.7628,3,100.143,-0.7371
"477421",63,1868,2,0.03,-0.18,1.8433,0.57,1.7628,3,100.143,-0.7371
"477427",63,1874,1,1.65,0.34,1.8433,1.9,1.7628,3,100.143,-0.7371
"477429",64,1876,1,-0.01,-0.27,0.2486,-1.85,1.7628,3,72,-0.7371
"477436",64,1883,2,-0.67,-0.33,1.8433,-0.24,1.7628,3,72,-0.7371
"477441",64,1888,1,0.86,-0.02,0.6709,0.27,1.7628,3,72,-0.7371
"477443",64,1890,2,-0.64,-0.48,1.8433,-0.24,1.7628,3,72,-0.7371
"477444",64,1891,2,0.51,-0.02,1.8433,-0.24,1.7628,3,72,-0.7371
"477446",65,1893,2,0.41,-0.18,-0.2395,1.9,0.1183,3,188.25,0.0826
"477449",65,1896,2,1.36,-2.57,0.6709,0.27,0.1183,3,188.25,0.0826
"477455",65,1902,2,0.38,-0.63,-1.4093,0.01,0.1183,3,188.25,0.0826
"477457",65,1904,2,0.14,-1.06,-1.4093,0.57,0.1183,3,188.25,0.0826
"477458",65,1905,2,1.83,2.27,1.8433,1.9,0.1183,3,188.25,0.0826
"477459",65,1906,2,-1.8,-0.92,-0.9508,1.33,0.1183,3,188.25,0.0826
"477462",65,1909,1,1.38,0.34,0.2486,1.33,0.1183,3,188.25,0.0826
"477464",65,1911,1,1.64,-0.63,1.8433,1.33,0.1183,3,188.25,0.0826
"477468",65,1915,2,0.87,0.54,1.1169,3.02,0.1183,3,188.25,0.0826
"477470",65,1917,1,-0.11,-0.33,-0.2395,-1.16,0.1183,3,188.25,0.0826
"477476",66,1923,2,0.19,1.47,1.8433,0.91,-3.8154,3,161,-0.7371
"477477",66,1924,2,0.08,-0.48,-0.9508,-0.48,-3.8154,3,161,-0.7371
"477479",66,1926,2,-1.04,-0.18,1.8433,0.91,-3.8154,3,161,-0.7371
"477490",66,1937,2,-0.62,-0.92,-1.1894,0.27,-3.8154,3,161,-0.7371
"477494",66,1941,2,-1.77,-0.18,-0.9508,-1.38,-3.8154,3,161,-0.7371
"477498",66,1945,1,0.27,-3.75,-1.1894,1.33,-3.8154,3,161,-0.7371
"477501",66,1948,2,-0.03,0.78,0.6709,0.57,-3.8154,3,161,-0.7371
"477505",66,1952,1,1.11,-0.77,-0.2395,1.9,-3.8154,3,161,-0.7371
"477506",66,1953,2,-1.22,-0.63,-0.2395,-0.48,-3.8154,3,161,-0.7371
"477507",66,1954,2,-0.89,0.34,1.1169,0.57,-3.8154,3,161,-0.7371
"477508",66,1955,2,0.96,-0.18,-0.9508,3.02,-3.8154,3,161,-0.7371
"477521",67,1968,2,-0.56,-0.18,-0.2395,1.33,0.6627,3,175.308,-1.8308
"477525",67,1972,2,0.02,-0.63,0.2486,-0.24,0.6627,3,175.308,-1.8308
"477529",67,1976,1,-1.13,-1.86,-0.2395,-0.94,0.6627,3,175.308,-1.8308
"477531",67,1978,2,0.61,0.54,-0.6577,0.91,0.6627,3,175.308,-1.8308
"477532",67,1979,2,-0.55,-0.33,-0.6577,-1.16,0.6627,3,175.308,-1.8308
"477537",67,1984,2,-0.19,-1.06,-0.9508,0.01,0.6627,3,175.308,-1.8308
"477538",67,1985,2,-0.39,-0.18,0.6709,-0.71,0.6627,3,175.308,-1.8308
"477540",67,1987,2,0.91,-0.33,1.1169,0.91,0.6627,3,175.308,-1.8308
"477545",67,1992,2,-1.17,-0.77,-0.2395,-0.48,0.6627,3,175.308,-1.8308
"477547",68,1994,1,1.23,1.47,-0.2395,1.9,1.0394,3,139.308,0.4686
"477549",68,1996,2,0.89,2.27,1.1169,1.9,1.0394,3,139.308,0.4686
"477551",68,1998,2,1.82,2.27,-0.9508,3.02,1.0394,3,139.308,0.4686
"477554",68,2001,1,0.87,0.78,-0.2395,0.27,1.0394,3,139.308,0.4686
"477558",68,2005,2,1.11,2.27,-0.2395,0.27,1.0394,3,139.308,0.4686
"477562",68,2009,2,1.19,2.27,-1.4093,1.9,1.0394,3,139.308,0.4686
"477566",68,2013,2,-0.33,-0.48,-0.2395,0.57,1.0394,3,139.308,0.4686
"477567",68,2014,1,1.67,1.47,0.6709,1.9,1.0394,3,139.308,0.4686
"477577",68,2024,1,1.5,2.27,1.8433,0.91,1.0394,3,139.308,0.4686
"477579",69,2026,2,0.45,-0.33,-1.1894,1.9,1.0394,1,213.143,0.4686
"477587",69,2034,2,-0.87,-0.18,-0.2395,0.27,1.0394,1,213.143,0.4686
"477589",69,2036,2,0.68,-0.18,1.8433,0.57,1.0394,1,213.143,0.4686
"477593",69,2040,1,0.8,0.54,1.1169,0.27,1.0394,1,213.143,0.4686
"477596",69,2043,2,0.79,-0.18,-2.8645,0.27,1.0394,1,213.143,0.4686
"477597",69,2044,2,0.78,-0.63,-0.2395,1.33,1.0394,1,213.143,0.4686
"477599",69,2046,2,-0.39,-1.06,-0.6577,1.33,1.0394,1,213.143,0.4686
"477603",69,2050,1,1.67,-0.33,0.2486,0.91,1.0394,1,213.143,0.4686
"477605",69,2052,2,0.6,-0.18,-1.4093,0.91,1.0394,1,213.143,0.4686
"477606",69,2053,1,1.13,-0.63,0.6709,1.9,1.0394,1,213.143,0.4686
"477607",69,2054,1,1.36,-0.48,0.6709,1.33,1.0394,1,213.143,0.4686
"477610",69,2057,1,0.85,0.15,0.2486,0.39,1.0394,1,213.143,0.4686
"477613",70,2060,1,0.33,2.27,1.8433,3.02,1.7628,3,143.4,0.4686
"477615",70,2062,2,1.14,-0.48,-1.1894,1.33,1.7628,3,143.4,0.4686
"477622",70,2069,1,1.33,-0.77,-0.2395,0.91,1.7628,3,143.4,0.4686
"477623",70,2070,1,1.02,0.78,1.1169,1.33,1.7628,3,143.4,0.4686
"477624",70,2071,2,1.08,0.34,-0.2395,1.9,1.7628,3,143.4,0.4686
"477634",70,2081,1,-0.49,-0.77,-0.2395,0.01,1.7628,3,143.4,0.4686
"477635",70,2082,2,0.78,1.07,-0.6577,1.9,1.7628,3,143.4,0.4686
"477637",70,2084,2,1.08,0.78,-0.2395,0.57,1.7628,3,143.4,0.4686
"477638",70,2085,1,1.51,-0.18,-0.2395,1.9,1.7628,3,143.4,0.4686
"477709",73,2156,1,1.19,2.27,1.1169,0.91,0.3739,3,160.563,1.4452
"477710",73,2157,1,-0.28,-0.63,0.2486,0.57,0.3739,3,160.563,1.4452
"477714",73,2161,2,1.33,0.54,0.2486,1.33,0.3739,3,160.563,1.4452
"477723",73,2170,1,2.09,-0.18,-0.2395,3.02,0.3739,3,160.563,1.4452
"477727",73,2174,2,1.02,1.65,1.8433,3.02,0.3739,3,160.563,1.4452
"477728",73,2175,1,1.45,2.27,1.8433,0.27,0.3739,3,160.563,1.4452
"477729",73,2176,1,0.94,0.54,1.8433,1.33,0.3739,3,160.563,1.4452
"477730",73,2177,2,0.57,0.15,-0.2395,0.57,0.3739,3,160.563,1.4452
"477736",73,2183,2,0.88,-0.02,0.6709,1.33,0.3739,3,160.563,1.4452
"477737",73,2184,1,1.89,1.47,-0.2395,1.9,0.3739,3,160.563,1.4452
"477738",73,2185,2,0.57,-0.33,-0.2395,-0.48,0.3739,3,160.563,1.4452
"477739",73,2186,1,0.07,0.34,1.8433,0.91,0.3739,3,160.563,1.4452
"477744",74,2191,1,-0.15,-0.77,0.2486,0.01,1.7628,3,141.846,0.4686
"477746",74,2193,1,0.55,-0.92,-0.2395,0.57,1.7628,3,141.846,0.4686
"477751",74,2198,2,-0.64,-0.33,1.1169,-0.24,1.7628,3,141.846,0.4686
"477755",74,2202,2,2.09,2.27,1.8433,3.02,1.7628,3,141.846,0.4686
"477756",74,2203,1,0.35,2.27,-0.9508,0.57,1.7628,3,141.846,0.4686
"477759",74,2206,2,0.2,1.07,-1.1894,0.91,1.7628,3,141.846,0.4686
"477760",74,2207,1,1.38,-0.48,1.8433,1.33,1.7628,3,141.846,0.4686
"477768",74,2215,2,-0.64,0.34,-1.8868,-0.02,1.7628,3,141.846,0.4686
"477775",75,2222,2,0.23,-0.18,0.4081,-0.24,1.7628,3,108.5,0.4686
"477776",75,2223,1,1.06,-0.48,1.1169,0.57,1.7628,3,108.5,0.4686
"477780",75,2227,1,1.23,0.78,1.1169,0.91,1.7628,3,108.5,0.4686
"477782",75,2229,1,-0.58,-0.77,-0.2395,0.57,1.7628,3,108.5,0.4686
"477783",75,2230,2,0.35,1.07,-0.2395,0.01,1.7628,3,108.5,0.4686
"477787",75,2234,1,-0.51,0.15,-0.2395,0.01,1.7628,3,108.5,0.4686
"477788",75,2235,2,-0.59,0.34,0.6709,-0.71,1.7628,3,108.5,0.4686
"477796",75,2243,1,0.58,1.07,0.6709,0.57,1.7628,3,108.5,0.4686
"477798",75,2245,1,1.05,-0.18,1.8433,0.57,1.7628,3,108.5,0.4686
"477800",75,2247,1,0.26,-0.63,-0.2395,0.91,1.7628,3,108.5,0.4686
"477803",75,2250,2,1.2,0.34,0.6709,1.33,1.7628,3,108.5,0.4686
"477805",76,2252,1,0.57,-0.02,1.8433,0.01,0.3739,3,147.444,0.0826
"477806",76,2253,2,1.34,2.27,1.8433,3.02,0.3739,3,147.444,0.0826
"477809",76,2256,1,2.28,2.27,-0.6577,3.02,0.3739,3,147.444,0.0826
"477810",76,2257,2,-0.1,-3.75,-0.2395,0.91,0.3739,3,147.444,0.0826
"477812",76,2259,2,0.22,1.07,0.6709,1.9,0.3739,3,147.444,0.0826
"477813",76,2260,1,0.87,-1.21,-1.6333,0.57,0.3739,3,147.444,0.0826
"477817",76,2264,2,0.2,-0.18,1.1169,0.6,0.3739,3,147.444,0.0826
"477824",76,2271,2,0.75,-0.33,0.2486,-0.24,0.3739,3,147.444,0.0826
"477831",76,2278,2,1.55,-0.77,-1.1894,1.33,0.3739,3,147.444,0.0826
"477833",76,2280,2,0.31,-0.33,-0.6577,1.33,0.3739,3,147.444,0.0826
"477835",76,2282,1,1.69,0.54,1.1169,1.33,0.3739,3,147.444,0.0826
"477839",77,2286,2,0.2,1.47,0.2486,0.91,0.6627,3,113.545,-0.7371
"477841",77,2288,2,0.6,-0.02,1.8433,-0.24,0.6627,3,113.545,-0.7371
"477842",77,2289,1,0.47,-0.18,1.1169,0.57,0.6627,3,113.545,-0.7371
"477846",77,2293,2,0.66,0.34,-0.9508,0.27,0.6627,3,113.545,-0.7371
"477852",77,2299,2,1.19,1.47,0.2486,0.91,0.6627,3,113.545,-0.7371
"477853",77,2300,1,1.6,-0.77,-1.4093,3.02,0.6627,3,113.545,-0.7371
"477860",77,2307,2,-0.1,-0.18,-0.2395,1.9,0.6627,3,113.545,-0.7371
"477862",77,2309,1,0.13,0.78,1.1169,1.9,0.6627,3,113.545,-0.7371
"477864",77,2311,1,-0.34,-0.63,-1.1894,0.27,0.6627,3,113.545,-0.7371
"477866",77,2313,2,0.21,0.15,-0.6577,-0.24,0.6627,3,113.545,-0.7371
"477868",77,2315,2,-0.28,0.78,-0.6577,-0.24,0.6627,3,113.545,-0.7371
"477873",78,2320,1,-0.32,-0.02,-0.2395,-0.48,1.0394,3,94.333,-0.7371
"477876",78,2323,2,-0.33,-0.33,0.2486,-0.24,1.0394,3,94.333,-0.7371
"477878",78,2325,1,0.31,-0.33,1.8433,-0.24,1.0394,3,94.333,-0.7371
"477879",78,2326,1,1.05,-0.02,1.8433,1.01,1.0394,3,94.333,-0.7371
"477880",78,2327,2,0.81,0.15,-0.9508,0.57,1.0394,3,94.333,-0.7371
"477884",78,2331,1,-0.56,1.47,0.2486,0.57,1.0394,3,94.333,-0.7371
"477885",78,2332,1,-0.32,-0.02,0.6709,0.01,1.0394,3,94.333,-0.7371
"477889",78,2336,1,0.49,-0.92,-0.9508,1.9,1.0394,3,94.333,-0.7371
"477897",78,2344,2,-0.38,-0.18,1.1169,0.27,1.0394,3,94.333,-0.7371
"477903",78,2350,1,0.22,-0.48,0.2486,1.33,1.0394,3,94.333,-0.7371
"477906",79,2353,2,0.27,-0.02,1.1169,-0.71,1.0394,3,133.333,0.4686
"477907",79,2354,1,-0.18,1.47,1.8433,0.27,1.0394,3,133.333,0.4686
"477908",79,2355,1,-0.34,0.34,-0.6577,0.01,1.0394,3,133.333,0.4686
"477913",79,2360,2,-0.62,-0.63,-0.6577,0.57,1.0394,3,133.333,0.4686
"477918",79,2365,2,0.63,2.27,-2.222,1.9,1.0394,3,133.333,0.4686
"477919",79,2366,1,0.23,0.78,-0.2395,-0.24,1.0394,3,133.333,0.4686
"477927",79,2374,2,1.42,-0.18,-0.2395,1.33,1.0394,3,133.333,0.4686
"477929",79,2376,2,1.58,-0.02,0.2486,1.33,1.0394,3,133.333,0.4686
"477931",79,2378,2,-0.07,-0.18,-0.2395,0.91,1.0394,3,133.333,0.4686
"477934",79,2381,2,1.78,2.27,0.6709,1.9,1.0394,3,133.333,0.4686
"477935",79,2382,1,-0.2,-0.33,-0.6577,-2.32,1.0394,3,133.333,0.4686
"477937",79,2384,1,0.27,-0.33,-0.9508,0.01,1.0394,3,133.333,0.4686
"477941",79,2388,2,-0.07,1.47,-0.6577,1.33,1.0394,3,133.333,0.4686
"477943",80,2390,2,0.09,2.27,1.8433,0.57,-0.6241,3,91.375,-1.8308
"477946",80,2393,2,-0.69,-1.06,1.1169,0.27,-0.6241,3,91.375,-1.8308
"477949",80,2396,2,1.42,-3.75,1.8433,0.57,-0.6241,3,91.375,-1.8308
"477952",80,2399,2,9999,2.27,1.5516,1.9,-0.6241,3,91.375,-1.8308
"477956",80,2403,1,-0.82,-0.02,-0.6577,-0.24,-0.6241,3,91.375,-1.8308
"477957",80,2404,1,-2.2,-0.18,1.8433,-0.71,-0.6241,3,91.375,-1.8308
"477960",80,2407,1,-1.5,-0.48,1.8433,0.27,-0.6241,3,91.375,-1.8308
"477963",80,2410,2,-1.06,0.15,0.2486,-0.94,-0.6241,3,91.375,-1.8308
"477967",80,2414,2,0.51,2.27,-0.2395,-0.48,-0.6241,3,91.375,-1.8308
"477973",80,2420,1,-1.69,0.54,1.8433,-2.42,-0.6241,3,91.375,-1.8308
"477974",80,2421,1,0.03,0.54,1.1169,0.91,-0.6241,3,91.375,-1.8308
"478015",82,2462,1,-0.98,-0.18,-0.9508,0.27,0.3739,3,165.545,0.0826
"478017",82,2464,2,0.97,0.54,0.2486,1.33,0.3739,3,165.545,0.0826
"478022",82,2469,2,0.22,-0.48,0.2486,0.91,0.3739,3,165.545,0.0826
"478026",82,2473,2,1.39,-0.18,0.2486,1.33,0.3739,3,165.545,0.0826
"478027",82,2474,1,0.92,-0.63,0.6709,1.9,0.3739,3,165.545,0.0826
"478030",82,2477,1,1.58,1.07,-1.4093,1.33,0.3739,3,165.545,0.0826
"478032",82,2479,2,0.57,-0.48,-1.1894,0.01,0.3739,3,165.545,0.0826
"478033",82,2480,1,-0.92,-1.28,0.2486,-0.94,0.3739,3,165.545,0.0826
"478034",82,2481,1,0.86,0.34,0.6709,1.28,0.3739,3,165.545,0.0826
"478036",82,2483,2,0.14,-0.48,-0.6577,0.57,0.3739,3,165.545,0.0826
"478039",82,2486,2,1.42,2.27,0.2486,0.27,0.3739,3,165.545,0.0826
"478042",82,2489,2,-0.23,-0.18,0.6709,1.33,0.3739,3,165.545,0.0826
"478043",82,2490,2,1.56,-0.33,-0.2395,1.9,0.3739,3,165.545,0.0826
"478048",83,2495,1,0.27,0.15,0.6709,1.33,1.7628,3,58.6,1.4452
"478051",83,2498,1,0.68,-0.92,-0.2395,0.27,1.7628,3,58.6,1.4452
"478066",83,2513,2,-0.95,-0.63,-0.2395,-1.16,1.7628,3,58.6,1.4452
"478068",83,2515,2,0.47,-0.02,-0.2395,0.57,1.7628,3,58.6,1.4452
"478069",83,2516,1,-0.36,-0.92,1.8433,0.27,1.7628,3,58.6,1.4452
"478071",83,2518,1,0.75,0.78,-1.1894,0.57,1.7628,3,58.6,1.4452
"478073",83,2520,2,0.02,-0.18,-0.6577,0.91,1.7628,3,58.6,1.4452
"478074",83,2521,1,-0.98,-0.18,1.1169,0.91,1.7628,3,58.6,1.4452
"478076",83,2523,1,-0.61,-0.63,-0.9508,0.27,1.7628,3,58.6,1.4452
"478078",83,2525,1,-0.49,0.15,-0.9508,-0.24,1.7628,3,58.6,1.4452
"478079",83,2526,2,0.86,0.15,1.1169,0.27,1.7628,3,58.6,1.4452
"478088",84,2535,1,1.56,-0.18,-1.4093,1.33,0.3739,3,126.118,0.0826
"478090",84,2537,2,1.12,0.78,-0.2395,0.91,0.3739,3,126.118,0.0826
"478092",84,2539,1,0.93,0.34,-0.6577,0.57,0.3739,3,126.118,0.0826
"478094",84,2541,2,0.89,0.78,-0.9508,1.9,0.3739,3,126.118,0.0826
"478099",84,2546,2,0.41,2.27,0.2486,3.02,0.3739,3,126.118,0.0826
"478101",84,2548,1,0.97,0.34,-1.1894,0.57,0.3739,3,126.118,0.0826
"478102",84,2549,2,1.42,2.27,1.1169,1.9,0.3739,3,126.118,0.0826
"478109",84,2556,2,0.35,0.15,-0.6577,0.57,0.3739,3,126.118,0.0826
"478113",84,2560,1,1.56,0.34,-0.6577,1.33,0.3739,3,126.118,0.0826
"478116",84,2563,2,-0.44,0.34,-0.6577,-0.24,0.3739,3,126.118,0.0826
"478117",84,2564,2,0.92,2.27,-1.4093,0.91,0.3739,3,126.118,0.0826
"478119",84,2566,2,-0.16,0.34,-1.1894,1.33,0.3739,3,126.118,0.0826
"478120",84,2567,2,0.52,2.27,1.1169,1.9,0.3739,3,126.118,0.0826
"478128",85,2575,1,-0.86,-0.02,0.6709,-0.24,1.7628,3,106,-2.7911
"478132",85,2579,1,-0.87,0.15,-0.2395,0.27,1.7628,3,106,-2.7911
"478133",85,2580,1,0.74,-0.18,1.8433,0.91,1.7628,3,106,-2.7911
"478135",85,2582,1,-0.24,-0.18,-0.2395,0.27,1.7628,3,106,-2.7911
"478140",85,2587,2,0.3,0.54,1.8433,0.01,1.7628,3,106,-2.7911
"478145",85,2592,1,0.26,-0.77,-0.2395,0.01,1.7628,3,106,-2.7911
"478151",85,2598,2,0.57,0.54,1.1169,-0.48,1.7628,3,106,-2.7911
"478153",85,2600,2,-0.74,0.54,0.6709,-0.71,1.7628,3,106,-2.7911
"478154",85,2601,2,-0.52,0.34,0.6709,-1.16,1.7628,3,106,-2.7911
"478155",86,2602,2,1.58,-0.02,1.8433,0.91,1.0394,3,185.25,-0.7371
"478164",87,2611,1,-0.39,-0.18,-0.2395,-1.38,0.6627,3,50.167,0.8541
"478165",87,2612,1,-1.06,-0.63,-0.2395,-0.48,0.6627,3,50.167,0.8541
"478166",87,2613,1,-0.97,-0.18,-0.2395,-0.71,0.6627,3,50.167,0.8541
"478167",87,2614,2,-0.53,-1.06,0.6709,0.27,0.6627,3,50.167,0.8541
"478168",87,2615,1,-1.16,-0.63,0.6709,-1.16,0.6627,3,50.167,0.8541
"478173",87,2620,2,-0.29,0.15,-0.6577,0.57,0.6627,3,50.167,0.8541
"478182",87,2629,1,-0.05,2.27,1.8433,1.33,0.6627,3,50.167,0.8541
"478186",87,2633,1,0.08,-0.33,0.2486,1.9,0.6627,3,50.167,0.8541
"478187",87,2634,1,-0.6,-0.33,1.1169,0.27,0.6627,3,50.167,0.8541
"478190",87,2637,2,-0.92,-0.33,-0.2395,0.57,0.6627,3,50.167,0.8541
"478193",88,2640,1,-1.54,-0.77,1.8433,-1.16,0.6627,3,131.364,-1.4838
"478194",88,2641,2,0.97,-0.18,1.1169,0.01,0.6627,3,131.364,-1.4838
"478198",88,2645,1,-0.34,-0.92,-1.4093,-0.24,0.6627,3,131.364,-1.4838
"478199",88,2646,1,0.77,0.54,-0.2395,1.9,0.6627,3,131.364,-1.4838
"478201",88,2648,1,-0.46,-0.63,1.8433,0.01,0.6627,3,131.364,-1.4838
"478205",88,2652,2,-0.51,0.54,-0.2395,-0.71,0.6627,3,131.364,-1.4838
"478206",88,2653,1,-1.7,0.34,1.1169,-1.85,0.6627,3,131.364,-1.4838
"478208",88,2655,1,0.04,-0.48,1.1169,0.27,0.6627,3,131.364,-1.4838
"478213",88,2660,2,-0.95,-0.18,0.2486,-0.28,0.6627,3,131.364,-1.4838
"478217",88,2664,1,0.12,-0.77,-0.2395,1.33,0.6627,3,131.364,-1.4838
"478223",88,2670,2,0.96,-2.28,-0.9508,1.9,0.6627,3,131.364,-1.4838
"478224",88,2671,2,0.8,1.47,1.1169,0.54,0.6627,3,131.364,-1.4838
"478226",88,2673,2,1.12,0.78,1.8433,0.91,0.6627,3,131.364,-1.4838
"478229",89,2676,2,0.78,-0.63,0.6709,0.27,0.1183,3,131.583,0.0826
"478230",89,2677,2,0.79,-0.63,1.8433,1.33,0.1183,3,131.583,0.0826
"478231",89,2678,2,-0.35,0.54,-0.9508,1.9,0.1183,3,131.583,0.0826
"478232",89,2679,2,0.89,-0.18,-2.222,-0.48,0.1183,3,131.583,0.0826
"478234",89,2681,2,1.23,0.78,-1.4093,1.33,0.1183,3,131.583,0.0826
"478237",89,2684,1,0.83,-0.33,-0.2395,3.02,0.1183,3,131.583,0.0826
"478240",89,2687,1,0.03,-0.92,-0.2395,0.27,0.1183,3,131.583,0.0826
"478248",89,2695,1,0.39,-1.21,-0.9508,1.33,0.1183,3,131.583,0.0826
"478251",89,2698,2,1.78,-0.02,-0.6577,1.9,0.1183,3,131.583,0.0826
"478252",89,2699,1,1.54,-1.06,-0.2395,3.02,0.1183,3,131.583,0.0826
"478256",89,2703,2,1.12,-0.77,-0.2395,3.02,0.1183,3,131.583,0.0826
"478261",90,2708,2,-0.25,2.27,1.8433,0.01,-0.6241,3,74.286,0.0826
"478265",90,2712,1,0.99,0.78,0.6709,-0.48,-0.6241,3,74.286,0.0826
"478266",90,2713,1,0.77,1.47,1.1169,0.91,-0.6241,3,74.286,0.0826
"478270",90,2717,2,-0.34,0.15,1.1169,-0.24,-0.6241,3,74.286,0.0826
"478272",90,2719,1,-1.74,0.15,1.8433,-0.48,-0.6241,3,74.286,0.0826
"478275",90,2722,2,0.29,0.54,-0.2395,0.27,-0.6241,3,74.286,0.0826
"478277",91,2724,1,-0.67,-0.33,-0.2395,-1.61,0.6627,3,114.333,0.4686
"478287",91,2734,1,1.35,-0.33,0.2486,3.02,0.6627,3,114.333,0.4686
"478288",91,2735,2,1.06,-0.48,-0.2395,0.91,0.6627,3,114.333,0.4686
"478292",91,2739,1,-0.14,2.27,1.1169,0.27,0.6627,3,114.333,0.4686
"478293",91,2740,2,0.39,2.27,-0.9508,-0.48,0.6627,3,114.333,0.4686
"478296",91,2743,1,1.41,-0.63,1.8433,1.9,0.6627,3,114.333,0.4686
"478299",91,2746,2,0.79,2.27,-0.6577,1.9,0.6627,3,114.333,0.4686
"478300",91,2747,2,-1.09,1.07,-0.2395,-1.16,0.6627,3,114.333,0.4686
"478302",91,2749,2,-0.17,0.78,-0.9508,-0.48,0.6627,3,114.333,0.4686
"478310",91,2757,1,0.89,0.34,1.8433,0.91,0.6627,3,114.333,0.4686
"478311",92,2758,1,1.75,-0.18,-0.9508,1.33,1.7628,3,151.444,1.4452
"478317",92,2764,2,0.57,-0.48,-0.9508,-0.24,1.7628,3,151.444,1.4452
"478320",92,2767,1,0.89,0.54,0.2486,0.91,1.7628,3,151.444,1.4452
"478321",92,2768,1,0.84,2.27,0.2486,0.01,1.7628,3,151.444,1.4452
"478323",92,2770,1,-0.48,-0.02,0.6709,0.91,1.7628,3,151.444,1.4452
"478324",92,2771,2,0.15,1.07,-0.6577,-0.24,1.7628,3,151.444,1.4452
"478326",92,2773,2,0.48,2.27,0.2486,-0.48,1.7628,3,151.444,1.4452
"478327",92,2774,1,1.23,-0.63,1.1169,0.91,1.7628,3,151.444,1.4452
"478330",92,2777,2,2.02,1.07,-1.4093,1.9,1.7628,3,151.444,1.4452
"478335",92,2782,1,1.07,0.54,1.8433,0.91,1.7628,3,151.444,1.4452
"478336",92,2783,2,1.12,0.78,1.8433,0.27,1.7628,3,151.444,1.4452
"478339",92,2786,1,0.14,0.78,0.6709,0.57,1.7628,3,151.444,1.4452
"478343",92,2790,1,1.07,-0.18,-0.2395,3.02,1.7628,3,151.444,1.4452
"478348",92,2795,2,-0.55,0.34,0.6709,0.57,1.7628,3,151.444,1.4452
"478352",93,2799,1,-0.92,1.07,0.6709,-1.16,0.3739,3,89.333,-0.7371
"478358",93,2805,2,-1.21,-0.77,-0.2395,0.27,0.3739,3,89.333,-0.7371
"478360",93,2807,1,-1.06,-0.18,-0.2395,0.27,0.3739,3,89.333,-0.7371
"478361",93,2808,1,-1.28,-0.02,-0.9508,-0.48,0.3739,3,89.333,-0.7371
"478363",93,2810,1,0.84,-0.18,-1.1894,1.33,0.3739,3,89.333,-0.7371
"478364",93,2811,2,-1.28,-0.33,0.2486,-1.16,0.3739,3,89.333,-0.7371
"478372",93,2819,2,-0.64,0.15,0.6709,0.01,0.3739,3,89.333,-0.7371
"478373",93,2820,1,-0.61,-0.02,1.8433,0.01,0.3739,3,89.333,-0.7371
"478380",93,2827,2,-0.57,-0.48,-0.6577,0.27,0.3739,3,89.333,-0.7371
"478381",93,2828,1,1.19,-0.33,1.1169,0.27,0.3739,3,89.333,-0.7371
"478382",93,2829,2,0.73,-0.33,1.8433,0.57,0.3739,3,89.333,-0.7371
"478383",93,2830,2,0.34,0.15,-0.6577,0.91,0.3739,3,89.333,-0.7371
"478390",94,2837,1,-0.53,-0.18,1.8433,0.48,-0.6241,3,74.571,0.4686
"478391",94,2838,1,-0.42,-0.18,-0.2395,-0.71,-0.6241,3,74.571,0.4686
"478396",94,2843,2,-0.61,-0.18,-0.2395,1.33,-0.6241,3,74.571,0.4686
"478397",94,2844,1,1.43,1.47,-0.2395,1.9,-0.6241,3,74.571,0.4686
"478401",94,2848,1,0.06,0.15,-0.9508,0.91,-0.6241,3,74.571,0.4686
"478402",94,2849,2,0.51,1.07,-0.6577,0.57,-0.6241,3,74.571,0.4686
"478404",94,2851,1,0.7,0.15,1.8433,0.27,-0.6241,3,74.571,0.4686
"478412",94,2859,2,1.45,2.27,0.2486,1.9,-0.6241,3,74.571,0.4686
"478415",94,2862,2,0.5,1.07,0.6709,1.33,-0.6241,3,74.571,0.4686
"478416",94,2863,2,-0.43,-1.36,-1.6333,0.01,-0.6241,3,74.571,0.4686
"478418",94,2865,2,-0.03,2.27,-0.2395,1.33,-0.6241,3,74.571,0.4686
"478422",95,2869,1,-1.69,-0.18,-0.2395,0.01,-2.4248,3,119.048,-2.1462
"478424",95,2871,2,-2.45,-0.18,-0.6577,-0.24,-2.4248,3,119.048,-2.1462
"478429",95,2876,1,-1.7,-0.77,0.6709,-1.38,-2.4248,3,119.048,-2.1462
"478432",95,2879,2,-2.28,-0.02,0.6709,-3.28,-2.4248,3,119.048,-2.1462
"478433",95,2880,1,0.01,-0.48,-0.2395,0.27,-2.4248,3,119.048,-2.1462
"478434",95,2881,1,-2.58,-0.02,1.8433,-1.38,-2.4248,3,119.048,-2.1462
"478440",95,2887,1,-1.5,-0.48,-0.6577,-0.24,-2.4248,3,119.048,-2.1462
"478442",95,2889,2,0.33,-1.06,-0.2395,0.27,-2.4248,3,119.048,-2.1462
"478443",95,2890,1,-0.41,1.07,-0.2395,0.27,-2.4248,3,119.048,-2.1462
"478446",95,2893,2,-1.04,-0.18,1.8433,-0.24,-2.4248,3,119.048,-2.1462
"478448",95,2895,1,-1.38,-0.02,1.8433,-1.38,-2.4248,3,119.048,-2.1462
"478452",95,2899,2,-2.4,0.54,-1.1894,-0.48,-2.4248,3,119.048,-2.1462
"478456",96,2903,1,-0.07,-0.18,-0.2395,0.57,-0.3717,1,108.5,0.4686
"478457",96,2904,1,0.69,-0.18,-1.1894,-0.34,-0.3717,1,108.5,0.4686
"478461",96,2908,1,0.24,-1.06,0.6709,1.9,-0.3717,1,108.5,0.4686
"478468",96,2915,2,1.49,0.78,1.1169,1.9,-0.3717,1,108.5,0.4686
"478473",96,2920,1,0.14,-0.54,-0.9508,0.57,-0.3717,1,108.5,0.4686
"478474",96,2921,1,1.45,-0.48,-1.1894,1.33,-0.3717,1,108.5,0.4686
"478478",96,2925,2,1.32,2.27,-0.9508,1.88,-0.3717,1,108.5,0.4686
"478479",96,2926,1,-0.79,-0.63,-0.9508,0.57,-0.3717,1,108.5,0.4686
"478483",97,2930,1,-0.41,0.15,1.8433,0.01,0.1183,3,144.444,-0.7371
"478489",97,2936,1,-1.51,-2.05,-0.2395,-0.48,0.1183,3,144.444,-0.7371
"478491",97,2938,2,0.22,-1.36,-0.2395,0.33,0.1183,3,144.444,-0.7371
"478494",97,2941,1,-0.65,-0.63,0.2486,1.88,0.1183,3,144.444,-0.7371
"478501",97,2948,2,-0.25,-0.18,1.8433,0.5,0.1183,3,144.444,-0.7371
"478502",97,2949,1,0.37,-0.02,-0.2395,0.57,0.1183,3,144.444,-0.7371
"478507",97,2954,2,-1.57,-0.18,0.6709,-1.16,0.1183,3,144.444,-0.7371
"478515",98,2962,1,0.51,-0.48,-0.6577,0.91,-0.1263,3,131.083,1.4452
"478516",98,2963,1,1.35,-0.33,-1.3891,3.02,-0.1263,3,131.083,1.4452
"478517",98,2964,2,-1.21,0.54,1.8433,-0.24,-0.1263,3,131.083,1.4452
"478519",98,2966,1,0.28,-0.18,0.6709,0.27,-0.1263,3,131.083,1.4452
"478522",98,2969,2,0.65,-0.63,-1.1894,-0.24,-0.1263,3,131.083,1.4452
"478530",98,2977,2,0.16,2.27,0.2486,0.27,-0.1263,3,131.083,1.4452
"478534",98,2981,2,0.9,-0.02,-0.6577,0.27,-0.1263,3,131.083,1.4452
"478539",98,2986,2,0.15,0.34,1.8433,0.01,-0.1263,3,131.083,1.4452
"478543",98,2990,2,2.13,0.78,0.6709,3.02,-0.1263,3,131.083,1.4452
"478544",98,2991,1,0.35,0.34,1.1169,-0.24,-0.1263,3,131.083,1.4452
"478545",99,2992,2,-0.77,-0.63,-0.2395,-0.94,1.7628,3,192.727,-0.7371
"478547",99,2994,2,-0.3,0.78,1.1169,0.27,1.7628,3,192.727,-0.7371
"478548",99,2995,1,0.82,1.07,-0.6577,0.01,1.7628,3,192.727,-0.7371
"478550",99,2997,1,-1.23,0.34,0.6709,0.01,1.7628,3,192.727,-0.7371
"478552",99,2999,2,-0.65,-0.48,0.6709,0.27,1.7628,3,192.727,-0.7371
"478557",99,3004,2,0.5,-0.77,0.6709,-0.24,1.7628,3,192.727,-0.7371
"478558",99,3005,2,-1.41,-2.28,-1.1894,0.57,1.7628,3,192.727,-0.7371
"478560",99,3007,1,-1.98,0.54,0.6709,-0.48,1.7628,3,192.727,-0.7371
"478564",99,3011,1,-0.75,-0.48,-0.6577,0.27,1.7628,3,192.727,-0.7371
"478570",99,3017,2,-2.1,-0.63,-0.9508,0.27,1.7628,3,192.727,-0.7371
"478576",99,3023,2,-0.63,-0.02,-0.6577,0.27,1.7628,3,192.727,-0.7371
"478577",100,3024,1,1.33,0.54,-0.2395,0.91,1.7628,3,132.04,1.4452
"478583",100,3030,1,0.33,-0.18,-0.6577,1.33,1.7628,3,132.04,1.4452
"478585",100,3032,1,0.68,1.47,-1.4093,-0.24,1.7628,3,132.04,1.4452
"478588",100,3035,1,1.14,-0.18,-0.2395,0.27,1.7628,3,132.04,1.4452
"478592",100,3039,2,0.03,-0.18,0.6709,0.57,1.7628,3,132.04,1.4452
"478593",100,3040,2,0.49,0.54,0.2486,0.57,1.7628,3,132.04,1.4452
"478595",100,3042,2,0.65,1.07,-0.2395,0.57,1.7628,3,132.04,1.4452
"478597",100,3044,2,0.16,0.15,-0.6577,1.33,1.7628,3,132.04,1.4452
"478598",100,3045,1,0.54,0.78,-1.4093,0.57,1.7628,3,132.04,1.4452
"478607",100,3054,1,1.45,1.47,1.8433,0.91,1.7628,3,132.04,1.4452
"478609",100,3056,1,-0.38,2.27,0.2486,0.57,1.7628,3,132.04,1.4452
"478611",100,3058,1,0.19,0.15,0.6709,-0.24,1.7628,3,132.04,1.4452
"478620",101,3067,1,0.55,-0.33,-0.6577,0.01,0.3739,3,106.444,-1.4838
"478623",101,3070,2,0.86,-0.18,-0.2395,0.57,0.3739,3,106.444,-1.4838
"478624",101,3071,1,0.62,-0.18,1.8433,0.27,0.3739,3,106.444,-1.4838
"478632",101,3079,2,1.19,-0.33,1.8433,0.91,0.3739,3,106.444,-1.4838
"478633",101,3080,1,-1.21,-0.18,1.8433,0.01,0.3739,3,106.444,-1.4838
"478636",101,3083,1,-0.86,0.34,0.6709,-0.48,0.3739,3,106.444,-1.4838
"478640",101,3087,1,0.06,-0.63,-0.2395,0.27,0.3739,3,106.444,-1.4838
"478646",101,3093,1,-0.87,0.54,-0.6577,-0.71,0.3739,3,106.444,-1.4838
"478649",101,3096,2,0.34,2.27,0.2486,1.9,0.3739,3,106.444,-1.4838
"478655",102,3102,2,1.95,-0.33,0.6709,3.02,-0.8842,1,96.533,0.8541
"478656",102,3103,2,0.92,0.34,1.8433,1.33,-0.8842,1,96.533,0.8541
"478658",102,3105,1,0.48,-0.77,-1.1894,0.01,-0.8842,1,96.533,0.8541
"478659",102,3106,2,1.27,2.27,1.8433,0.57,-0.8842,1,96.533,0.8541
"478661",102,3108,2,1.38,-0.02,0.2486,1.33,-0.8842,1,96.533,0.8541
"478662",102,3109,1,0.99,-0.33,-0.6577,0.57,-0.8842,1,96.533,0.8541
"478669",102,3116,2,1,-0.18,-0.2395,1.88,-0.8842,1,96.533,0.8541
"478670",102,3117,1,1.36,-0.48,1.1169,1.9,-0.8842,1,96.533,0.8541
"478671",102,3118,1,1.69,0.78,-0.2395,1.9,-0.8842,1,96.533,0.8541
"478681",102,3128,2,0.82,1.47,-1.6333,-0.48,-0.8842,1,96.533,0.8541
"478684",102,3131,2,0.54,0.54,1.8433,0.27,-0.8842,1,96.533,0.8541
"478686",102,3133,1,0.57,-0.48,-1.1894,3.02,-0.8842,1,96.533,0.8541
"478691",103,3138,1,1.01,-0.48,1.1169,0.91,0.1183,3,101.286,-0.7371
"478695",103,3142,1,-0.61,0.34,-0.2395,0.91,0.1183,3,101.286,-0.7371
"478697",103,3144,1,-0.42,0.15,-2.222,-0.48,0.1183,3,101.286,-0.7371
"478698",103,3145,2,0.37,1.47,0.6709,0.57,0.1183,3,101.286,-0.7371
"478700",103,3147,1,0.48,2.27,-0.2395,0.91,0.1183,3,101.286,-0.7371
"478703",103,3150,1,-0.38,1.47,-0.2395,-1.16,0.1183,3,101.286,-0.7371
"478704",103,3151,1,0.57,-0.77,0.6709,1.33,0.1183,3,101.286,-0.7371
"478709",103,3156,2,1.21,0.15,-0.6577,0.91,0.1183,3,101.286,-0.7371
"478713",103,3160,2,0.67,1.07,-0.2395,0.57,0.1183,3,101.286,-0.7371
"478714",103,3161,2,-0.01,-0.75,1.8433,0.27,0.1183,3,101.286,-0.7371
"478715",103,3162,1,0.21,-0.63,0.6709,0.91,0.1183,3,101.286,-0.7371
"478723",104,3170,1,-1.03,-0.02,-0.2395,0.77,-0.3717,3,164,0.4686
"478724",104,3171,1,-2.15,-0.33,0.6709,-2.11,-0.3717,3,164,0.4686
"478725",104,3172,2,-1.34,-0.48,1.8433,-0.71,-0.3717,3,164,0.4686
"478727",104,3174,1,-0.35,-0.33,1.8433,0.01,-0.3717,3,164,0.4686
"478728",104,3175,2,-1.64,-0.18,-0.2395,0.27,-0.3717,3,164,0.4686
"478734",104,3181,1,-1.17,-0.77,0.6709,0.27,-0.3717,3,164,0.4686
"478741",105,3188,1,-0.59,0.78,1.8433,-1.16,0.1183,3,154.8,-0.7371
"478742",105,3189,1,0.54,0.34,-0.2395,-0.48,0.1183,3,154.8,-0.7371
"478745",105,3192,1,-0.05,-0.48,1.8433,0.57,0.1183,3,154.8,-0.7371
"478754",105,3201,2,1.34,2.27,1.1169,1.33,0.1183,3,154.8,-0.7371
"478755",105,3202,2,1.52,1.07,-0.9508,0.91,0.1183,3,154.8,-0.7371
"478759",105,3206,1,-1.11,-0.48,-0.2395,-0.48,0.1183,3,154.8,-0.7371
"478760",105,3207,1,-0.1,-0.71,-0.2395,0.01,0.1183,3,154.8,-0.7371
"478764",105,3211,1,-0.69,-0.63,1.1169,0.57,0.1183,3,154.8,-0.7371
"478765",105,3212,2,0.07,-0.77,-0.2395,0.01,0.1183,3,154.8,-0.7371
"478768",105,3215,1,1.23,1.47,1.8433,0.57,0.1183,3,154.8,-0.7371
"478772",105,3219,1,1.1,0.54,-0.2395,0.57,0.1183,3,154.8,-0.7371
"478778",106,3225,2,-0.97,0.54,1.1169,0.57,0.6627,3,172.842,-0.7371
"478780",106,3227,2,0.58,-0.63,-1.6333,0.57,0.6627,3,172.842,-0.7371
"478781",106,3228,1,1.83,0.34,1.8433,1.16,0.6627,3,172.842,-0.7371
"478784",106,3231,2,0.07,2.27,-2.222,1.9,0.6627,3,172.842,-0.7371
"478790",106,3237,1,0.65,-0.33,-0.9508,0.91,0.6627,3,172.842,-0.7371
"478795",106,3242,1,0,-0.33,1.1169,-0.24,0.6627,3,172.842,-0.7371
"478796",106,3243,2,2.53,1.07,0.6709,3.02,0.6627,3,172.842,-0.7371
"478797",106,3244,2,1.02,1.07,1.1169,0.91,0.6627,3,172.842,-0.7371
"478798",106,3245,2,0.37,0.78,1.8433,0.01,0.6627,3,172.842,-0.7371
"478799",106,3246,1,2.17,0.15,1.8433,3.02,0.6627,3,172.842,-0.7371
"478801",106,3248,2,1.58,0.34,0.2486,1.9,0.6627,3,172.842,-0.7371
"478806",106,3253,2,1.29,-2.96,1.8433,1.33,0.6627,3,172.842,-0.7371
"478808",107,3255,2,-0.47,0.34,-0.2395,1.04,-0.1263,3,119.714,-0.7371
"478809",107,3256,2,1.71,-0.33,1.1169,3.02,-0.1263,3,119.714,-0.7371
"478813",107,3260,1,0.86,2.27,-0.9508,0.91,-0.1263,3,119.714,-0.7371
"478815",107,3262,1,1.03,-0.48,-0.6577,0.91,-0.1263,3,119.714,-0.7371
"478824",107,3271,1,1.2,2.27,1.8433,0.57,-0.1263,3,119.714,-0.7371
"478827",107,3274,1,0.13,0.78,0.2486,0.91,-0.1263,3,119.714,-0.7371
"478828",107,3275,1,-0.17,-1.36,-0.6577,0.91,-0.1263,3,119.714,-0.7371
"478831",107,3278,2,1.02,2.27,1.8433,1.9,-0.1263,3,119.714,-0.7371
"478832",107,3279,1,1.13,-0.63,-0.2395,2.88,-0.1263,3,119.714,-0.7371
"478836",107,3283,1,1.06,1.47,-0.9508,0.57,-0.1263,3,119.714,-0.7371
"478837",107,3284,1,-0.53,0.34,0.6709,-0.71,-0.1263,3,119.714,-0.7371
"478841",107,3288,1,1,0.78,-0.6577,0.91,-0.1263,3,119.714,-0.7371
"478854",108,3301,1,0.78,-0.63,-0.2395,1.33,-0.8842,3,144.5,0.4686
"478858",108,3305,2,1.14,1.07,1.8433,3.02,-0.8842,3,144.5,0.4686
"478864",108,3311,2,0.65,0.78,0.6709,0.91,-0.8842,3,144.5,0.4686
"478865",108,3312,1,1.47,0.78,0.6709,1.33,-0.8842,3,144.5,0.4686
"478871",108,3318,1,1.23,1.47,0.2486,1.33,-0.8842,3,144.5,0.4686
"478872",108,3319,1,0.23,-0.18,0.2486,-0.48,-0.8842,3,144.5,0.4686
"478873",108,3320,1,1.64,0.34,-0.2395,0.91,-0.8842,3,144.5,0.4686
"478874",108,3321,1,1.04,0.15,-0.6577,0.01,-0.8842,3,144.5,0.4686
"478877",108,3324,2,0.81,-0.33,-0.2395,1.88,-0.8842,3,144.5,0.4686
"478878",108,3325,1,1.12,2.27,0.2486,0.91,-0.8842,3,144.5,0.4686
"478879",108,3326,2,0.85,0.15,-0.6577,-0.24,-0.8842,3,144.5,0.4686
"478881",109,3328,1,-0.41,0.78,1.8433,0.57,1.0394,3,154.96,-0.7371
"478889",109,3336,1,0.18,0.15,-0.2395,-0.71,1.0394,3,154.96,-0.7371
"478895",109,3342,2,-1.72,-0.18,0.2486,-1.38,1.0394,3,154.96,-0.7371
"478896",109,3343,2,0.26,-0.63,-0.2395,0.01,1.0394,3,154.96,-0.7371
"478897",109,3344,2,-1.85,-0.63,-0.2395,-0.71,1.0394,3,154.96,-0.7371
"478899",109,3346,1,-0.24,-1.36,-0.3158,0.91,1.0394,3,154.96,-0.7371
"478901",109,3348,2,0.57,0.54,0.2486,1.33,1.0394,3,154.96,-0.7371
"478904",109,3351,2,-0.95,-1.21,-0.6577,-0.48,1.0394,3,154.96,-0.7371
"478906",109,3353,1,1.89,1.47,1.8433,1.9,1.0394,3,154.96,-0.7371
"478907",109,3354,1,-0.25,-0.18,0.6709,0.91,1.0394,3,154.96,-0.7371
"478909",109,3356,1,0.65,-0.63,-0.2395,1.33,1.0394,3,154.96,-0.7371
"478947",111,3394,1,-0.79,-0.33,0.6709,0.01,0.1183,3,153.185,0.4686
"478949",111,3396,1,9999,-0.48,-0.6577,-0.24,0.1183,3,153.185,0.4686
"478950",111,3397,1,0.64,1.47,-0.2395,0.57,0.1183,3,153.185,0.4686
"478952",111,3399,2,1.06,-1.06,-0.6577,0.27,0.1183,3,153.185,0.4686
"478957",111,3404,1,-0.24,1.07,0.2486,1.33,0.1183,3,153.185,0.4686
"478958",111,3405,1,0.3,-0.02,-0.6577,-0.48,0.1183,3,153.185,0.4686
"478960",111,3407,2,-1.03,-0.18,0.6709,-0.94,0.1183,3,153.185,0.4686
"478963",111,3410,2,0.36,2.27,-0.2395,0.57,0.1183,3,153.185,0.4686
"478966",111,3413,1,-0.61,-0.02,0.6709,-0.28,0.1183,3,153.185,0.4686
"478969",111,3416,1,0.49,1.47,1.1169,0.91,0.1183,3,153.185,0.4686
"479015",113,3462,2,-0.6,2.27,1.8433,-0.71,1.7628,3,124,0.8541
"479017",113,3464,2,0.32,-0.18,-0.2395,0.27,1.7628,3,124,0.8541
"479022",113,3469,2,-0.43,2.27,1.8433,0.01,1.7628,3,124,0.8541
"479023",113,3470,2,-1.55,-0.15,-0.6577,-2.26,1.7628,3,124,0.8541
"479024",113,3471,2,0.5,2.27,1.8433,1.78,1.7628,3,124,0.8541
"479026",113,3473,1,0.31,-0.18,0.2486,-0.71,1.7628,3,124,0.8541
"479033",113,3480,2,0.43,0.34,-0.2395,-0.39,1.7628,3,124,0.8541
"479034",113,3481,2,-0.25,-0.18,1.1169,-1.16,1.7628,3,124,0.8541
"479036",114,3483,2,-0.23,-0.33,-1.8386,0.01,0.1183,3,181.313,-0.7371
"479037",114,3484,2,-0.09,-0.33,-0.6577,-0.24,0.1183,3,181.313,-0.7371
"479042",114,3489,2,-0.55,-0.48,-0.2395,0.91,0.1183,3,181.313,-0.7371
"479043",114,3490,2,-0.82,-0.48,-0.6577,0.27,0.1183,3,181.313,-0.7371
"479044",114,3491,2,-2.28,0.78,0.2486,0.01,0.1183,3,181.313,-0.7371
"479047",114,3494,2,-1.37,-0.18,-0.2395,1.33,0.1183,3,181.313,-0.7371
"479051",114,3498,2,0.72,-0.63,1.8433,0.01,0.1183,3,181.313,-0.7371
"479058",114,3505,2,-1.23,-0.63,-0.9508,-0.48,0.1183,3,181.313,-0.7371
"479060",114,3507,1,0.14,-0.48,1.8433,0.01,0.1183,3,181.313,-0.7371
"479061",114,3508,2,-0.84,-0.33,-0.9508,-1.38,0.1183,3,181.313,-0.7371
"479065",114,3512,2,0.7,-0.18,-0.2395,-0.24,0.1183,3,181.313,-0.7371
"479103",116,3550,1,1.36,-0.02,-0.2395,0.91,0.3739,1,78.2,0.8541
"479105",116,3552,1,0.15,-0.77,-0.9508,0.91,0.3739,1,78.2,0.8541
"479109",116,3556,1,2.31,0.54,-0.9508,3.02,0.3739,1,78.2,0.8541
"479110",116,3557,1,2.02,-0.18,1.8433,3.02,0.3739,1,78.2,0.8541
"479111",116,3558,1,1.04,1.07,-0.9508,0.91,0.3739,1,78.2,0.8541
"479116",116,3563,1,1.26,0.15,0.2486,0.83,0.3739,1,78.2,0.8541
"479118",116,3565,1,0.92,-0.33,1.8433,0.91,0.3739,1,78.2,0.8541
"479124",116,3571,1,-0.36,-0.02,0.2486,0.91,0.3739,1,78.2,0.8541
"479125",116,3572,1,0.35,0.54,0.6709,1.9,0.3739,1,78.2,0.8541
"479126",116,3573,1,2.46,2.27,-0.9508,3.02,0.3739,1,78.2,0.8541
"479128",116,3575,1,1.24,-0.18,0.6709,0.57,0.3739,1,78.2,0.8541
"479133",116,3580,1,1.33,-0.63,-0.2395,0.91,0.3739,1,78.2,0.8541
"479136",117,3583,2,-0.55,2.27,1.8433,0.91,1.7628,9,107.692,0.4686
"479145",117,3592,2,-1.02,-0.48,1.1169,-0.48,1.7628,9,107.692,0.4686
"479147",117,3594,2,1,0.15,1.8433,0.91,1.7628,9,107.692,0.4686
"479149",117,3596,2,-0.06,-0.41,0.6709,0.57,1.7628,9,107.692,0.4686
"479154",117,3601,2,0.66,0.78,0.2486,-0.24,1.7628,9,107.692,0.4686
"479156",117,3603,2,-0.67,-0.18,-0.2395,0.57,1.7628,9,107.692,0.4686
"479159",117,3606,2,1.05,2.27,-1.1894,0.27,1.7628,9,107.692,0.4686
"479164",117,3611,2,0.7,0.34,1.8433,0.91,1.7628,9,107.692,0.4686
"479169",117,3616,2,1.6,-0.18,-0.2395,1.9,1.7628,9,107.692,0.4686
"479171",117,3618,2,1.51,1.47,1.8433,1.9,1.7628,9,107.692,0.4686
"479172",117,3619,2,1.64,0.54,-0.2395,1.33,1.7628,9,107.692,0.4686
"479173",117,3620,2,0.57,0.15,0.6709,-0.24,1.7628,9,107.692,0.4686
"479178",118,3625,1,0.13,0.34,0.2486,0.57,0.3739,3,110.98,1.4452
"479180",118,3627,2,-0.87,0.78,-0.2395,0.27,0.3739,3,110.98,1.4452
"479187",118,3634,1,1.71,-0.48,0.2486,1.9,0.3739,3,110.98,1.4452
"479195",118,3642,1,-0.11,0.34,1.1169,0.57,0.3739,3,110.98,1.4452
"479197",118,3644,1,1.75,0.78,1.8433,1.9,0.3739,3,110.98,1.4452
"479202",118,3649,1,1.31,1.47,1.8433,1.9,0.3739,3,110.98,1.4452
"479203",119,3650,2,-0.62,1.47,1.8433,0.01,-0.3717,3,84.4,0.0826
"479204",119,3651,2,0.49,-0.02,0.2486,-0.24,-0.3717,3,84.4,0.0826
"479206",119,3653,1,-2.45,-0.33,0.2486,-1.42,-0.3717,3,84.4,0.0826
"479216",119,3663,1,-0.14,-0.63,-0.6577,-0.94,-0.3717,3,84.4,0.0826
"479217",119,3664,2,0.78,0.54,0.6709,0.1,-0.3717,3,84.4,0.0826
"479220",119,3667,1,0.69,0.54,1.8433,0.01,-0.3717,3,84.4,0.0826
"479223",119,3670,2,1.6,2.27,1.8433,1.9,-0.3717,3,84.4,0.0826
"479224",120,3671,2,0.22,0.78,0.6709,-0.48,-1.1508,3,131.056,0.8541
"479226",120,3673,1,0.68,-1.06,0.2486,-0.94,-1.1508,3,131.056,0.8541
"479229",120,3676,1,2.04,1.47,-0.2395,1.9,-1.1508,3,131.056,0.8541
"479231",120,3678,2,0.34,2.27,0.6709,0.27,-1.1508,3,131.056,0.8541
"479233",120,3680,1,0.67,2.27,1.8433,0.01,-1.1508,3,131.056,0.8541
"479237",120,3684,2,-1.62,-0.48,-0.2395,-0.24,-1.1508,3,131.056,0.8541
"479248",120,3695,2,0.43,2.27,1.8433,0.01,-1.1508,3,131.056,0.8541
"479249",120,3696,1,0.78,0.54,-1.1894,0.27,-1.1508,3,131.056,0.8541
"479253",120,3700,1,-0.07,-0.33,-0.2395,-0.24,-1.1508,3,131.056,0.8541
"479254",120,3701,1,-1.2,0.34,0.2486,-0.48,-1.1508,3,131.056,0.8541
"479259",120,3706,2,0.27,0.15,-0.2395,0.57,-1.1508,3,131.056,0.8541
"479260",120,3707,1,-0.93,0.15,0.6709,-0.94,-1.1508,3,131.056,0.8541
"479261",120,3708,1,0.61,-0.48,1.8433,0.01,-1.1508,3,131.056,0.8541
"479265",121,3712,2,0.83,2.27,0.2486,-0.48,-0.1263,3,116.091,-0.7371
"479266",121,3713,1,1.61,1.07,0.2486,1.33,-0.1263,3,116.091,-0.7371
"479274",121,3721,1,0.67,-0.48,1.1169,0.27,-0.1263,3,116.091,-0.7371
"479280",121,3727,2,1.45,-0.18,-0.2395,1.9,-0.1263,3,116.091,-0.7371
"479287",121,3734,1,-0.17,-0.48,0.2486,0.01,-0.1263,3,116.091,-0.7371
"479290",121,3737,1,-0.25,-1.21,-0.2395,-1.38,-0.1263,3,116.091,-0.7371
"479293",121,3740,1,0.79,0.15,-1.6333,-0.24,-0.1263,3,116.091,-0.7371
"479294",121,3741,1,-1.24,-0.77,0.6709,0.27,-0.1263,3,116.091,-0.7371
"479295",121,3742,2,0.75,-0.48,0.2486,0.01,-0.1263,3,116.091,-0.7371
"479301",122,3748,1,-0.38,-0.18,-1.4093,-1.61,1.7628,3,152.909,0.4686
"479306",122,3753,2,-0.87,0.78,1.8433,-0.48,1.7628,3,152.909,0.4686
"479309",122,3756,2,0.64,2.27,1.8433,-0.94,1.7628,3,152.909,0.4686
"479310",122,3757,2,0.69,-0.48,-0.9508,0.91,1.7628,3,152.909,0.4686
"479311",122,3758,2,-0.49,0.78,0.6709,-0.48,1.7628,3,152.909,0.4686
"479313",122,3760,1,1.06,0.34,0.2486,0.91,1.7628,3,152.909,0.4686
"479316",122,3763,1,-0.82,-0.77,-1.1894,0.91,1.7628,3,152.909,0.4686
"479317",122,3764,2,1.42,2.27,-0.2395,0.57,1.7628,3,152.909,0.4686
"479322",122,3769,1,1.41,-0.02,-0.6577,0.27,1.7628,3,152.909,0.4686
"479326",122,3773,2,1.08,-0.02,-0.2395,1.6,1.7628,3,152.909,0.4686
"479329",122,3776,2,-0.46,-0.02,1.8433,-0.48,1.7628,3,152.909,0.4686
"479368",124,3815,1,0.13,-1.2,-0.6577,0.57,-0.1263,3,127.455,0.4686
"479369",124,3816,2,0.24,2.27,1.1169,0.57,-0.1263,3,127.455,0.4686
"479371",124,3818,1,-0.63,-3.75,-1.4093,-0.24,-0.1263,3,127.455,0.4686
"479374",124,3821,1,0.61,-0.25,1.1169,1.33,-0.1263,3,127.455,0.4686
"479377",124,3824,1,0.31,-0.48,1.8433,0.27,-0.1263,3,127.455,0.4686
"479382",124,3829,1,-0.38,-0.48,-0.2395,0.27,-0.1263,3,127.455,0.4686
"479385",124,3832,2,1.34,0.34,-0.6577,1.33,-0.1263,3,127.455,0.4686
"479391",124,3838,1,0.86,0.34,0.2486,1.9,-0.1263,3,127.455,0.4686
"479397",124,3844,2,-0.7,-0.48,-0.2395,0.57,-0.1263,3,127.455,0.4686
"479400",124,3847,2,0.47,-0.48,-0.2395,0.91,-0.1263,3,127.455,0.4686
"479405",125,3852,1,1.08,0.15,0.2486,1.9,-0.6241,1,46.429,1.4452
"479407",125,3854,1,0.46,-0.63,-0.9508,0.27,-0.6241,1,46.429,1.4452
"479411",125,3858,2,0.37,0.78,0.6709,1.33,-0.6241,1,46.429,1.4452
"479413",125,3860,2,0.12,0.78,0.6709,0.27,-0.6241,1,46.429,1.4452
"479417",126,3864,2,0.01,-0.02,1.8433,-0.71,0.3739,3,139.909,0.4686
"479418",126,3865,1,-1.02,-1.36,-0.2395,-0.24,0.3739,3,139.909,0.4686
"479420",126,3867,1,-0.97,0.15,1.1169,0.27,0.3739,3,139.909,0.4686
"479421",126,3868,1,-0.49,1.07,0.2486,-0.71,0.3739,3,139.909,0.4686
"479423",126,3870,1,-1.42,-1.36,-0.2395,-0.71,0.3739,3,139.909,0.4686
"479435",126,3882,1,-1.19,-0.63,-0.3158,-0.94,0.3739,3,139.909,0.4686
"479436",126,3883,1,-1.8,-0.51,0.2486,0.27,0.3739,3,139.909,0.4686
"479438",126,3885,1,0.35,0.15,-0.2395,0.27,0.3739,3,139.909,0.4686
"479440",126,3887,2,-0.82,0.54,0.2486,0.57,0.3739,3,139.909,0.4686
"479444",126,3891,1,0.87,-0.33,-0.2395,0.91,0.3739,3,139.909,0.4686
"479445",126,3892,1,-1.59,-1.68,-0.2395,1.9,0.3739,3,139.909,0.4686
"479448",126,3895,2,-0.68,-1.36,1.8433,-0.48,0.3739,3,139.909,0.4686
"479455",127,3902,1,0.41,1.07,-0.2395,0.57,1.7628,3,26.5,1.4452
"479459",127,3906,2,-1.11,0.78,-0.6577,0.57,1.7628,3,26.5,1.4452
"479461",127,3908,2,-1.03,0.54,-0.2395,-0.48,1.7628,3,26.5,1.4452
"479464",127,3911,1,1.09,2.27,0.2486,0.27,1.7628,3,26.5,1.4452
"479466",127,3913,2,-1.49,1.47,0.6709,-0.24,1.7628,3,26.5,1.4452
"479469",127,3916,1,-0.13,1.07,0.6709,0.57,1.7628,3,26.5,1.4452
"479470",127,3917,2,-0.92,2.27,0.6709,0.57,1.7628,3,26.5,1.4452
"479471",127,3918,1,0.78,-1.06,1.8433,0.91,1.7628,3,26.5,1.4452
"479472",127,3919,1,0.54,0.78,1.1169,0.91,1.7628,3,26.5,1.4452
"479476",127,3923,1,-0.46,-0.18,0.2486,-0.24,1.7628,3,26.5,1.4452
"479482",127,3929,2,-0.71,0.34,1.1169,0.91,1.7628,3,26.5,1.4452
"479488",129,3935,1,0.25,2.27,1.8433,-0.48,-0.3717,3,126.429,-1.4838
"479490",129,3937,1,-0.75,0.54,1.8433,-0.94,-0.3717,3,126.429,-1.4838
"479493",129,3940,2,-0.06,-0.33,-0.6577,0.91,-0.3717,3,126.429,-1.4838
"479496",129,3943,1,2.13,0.78,-1.4093,3.02,-0.3717,3,126.429,-1.4838
"479497",129,3944,2,0.49,0.34,0.2486,0.01,-0.3717,3,126.429,-1.4838
"479499",129,3946,1,0.97,-0.18,0.2486,0.57,-0.3717,3,126.429,-1.4838
"479505",129,3952,2,1.42,1.47,1.8433,0.57,-0.3717,3,126.429,-1.4838
"479511",129,3958,1,1.36,1.47,-0.2395,1.33,-0.3717,3,126.429,-1.4838
"479512",129,3959,2,2.49,0.23,0.3994,3.02,-0.3717,3,126.429,-1.4838
"479513",129,3960,2,1.6,2.27,1.8433,1.9,-0.3717,3,126.429,-1.4838
"479514",129,3961,2,-0.5,0.15,1.1169,0.27,-0.3717,3,126.429,-1.4838
"479516",129,3963,1,0.43,2.27,-2.8645,-1.16,-0.3717,3,126.429,-1.4838
"479517",129,3964,1,1.14,-1.68,1.1169,0.57,-0.3717,3,126.429,-1.4838
"479529",130,3976,1,0.41,0.54,0.2486,0.91,1.7628,3,121.714,-0.7371
"479532",130,3979,1,-0.69,-1.51,-0.9508,-0.24,1.7628,3,121.714,-0.7371
"479533",130,3980,1,-0.32,0.78,1.1169,1.33,1.7628,3,121.714,-0.7371
"479534",130,3981,1,-0.58,-0.33,-0.2395,0.27,1.7628,3,121.714,-0.7371
"479536",130,3983,2,-0.25,0.15,1.8433,1.33,1.7628,3,121.714,-0.7371
"479539",130,3986,2,0.55,2.27,1.8433,-0.48,1.7628,3,121.714,-0.7371
"479543",130,3990,2,-0.87,-0.33,-0.2395,0.91,1.7628,3,121.714,-0.7371
"479549",130,3996,1,1.08,2.27,1.1169,1.9,1.7628,3,121.714,-0.7371
"479550",130,3997,2,0.92,-0.77,0.2486,1.33,1.7628,3,121.714,-0.7371
"479554",130,4001,2,1.12,2.27,1.1169,-0.48,1.7628,3,121.714,-0.7371
"479556",131,4003,2,-1.96,-0.48,-0.2395,-1.16,1.7628,3,90.8,-0.7371
"479557",131,4004,1,-1.03,-1.36,-1.4093,0.91,1.7628,3,90.8,-0.7371
"479559",131,4006,2,-0.8,-0.18,1.8433,-1.13,1.7628,3,90.8,-0.7371
"479560",131,4007,1,0.9,0.15,1.8433,1.33,1.7628,3,90.8,-0.7371
"479569",131,4016,1,0.4,0.15,-0.6577,0.57,1.7628,3,90.8,-0.7371
"479570",131,4017,2,0.6,-1.21,1.8433,0.57,1.7628,3,90.8,-0.7371
"479575",131,4022,2,0.77,2.27,0.6709,1.33,1.7628,3,90.8,-0.7371
"479578",131,4025,1,1.15,-0.18,1.1169,0.01,1.7628,3,90.8,-0.7371
"479580",131,4027,2,0.13,2.27,0.2486,0.57,1.7628,3,90.8,-0.7371
"479584",131,4031,2,0.19,-0.33,0.2486,0.57,1.7628,3,90.8,-0.7371
"479593",132,4040,1,-0.49,0.78,1.1169,-0.24,1.0394,3,257.5,1.4452
"479595",132,4042,1,-1.11,-0.48,-0.2395,0.27,1.0394,3,257.5,1.4452
"479596",132,4043,1,-1.28,-1.36,1.8433,-0.48,1.0394,3,257.5,1.4452
"479600",132,4047,1,1.06,-0.18,1.8433,0.57,1.0394,3,257.5,1.4452
"479602",132,4049,1,1.33,0.15,-0.6577,3.02,1.0394,3,257.5,1.4452
"479603",132,4050,1,-1.1,-1.36,0.6709,-0.24,1.0394,3,257.5,1.4452
"479607",132,4054,1,-0.44,-0.63,0.6709,0.61,1.0394,3,257.5,1.4452
"479608",132,4055,2,-0.05,-0.02,1.1169,0.87,1.0394,3,257.5,1.4452
"479611",132,4058,2,0.27,0.15,1.8433,0.01,1.0394,3,257.5,1.4452
"479617",132,4064,1,0.41,0.34,1.8433,0.91,1.0394,3,257.5,1.4452
"479619",132,4066,1,-1.13,-0.48,-0.6577,-0.48,1.0394,3,257.5,1.4452
"479620",133,4067,1,-1.06,-0.92,1.1169,-0.71,1.0394,3,88.96,0.4686
"479628",133,4075,2,1.29,-0.18,1.8433,1.9,1.0394,3,88.96,0.4686
"479630",133,4077,2,0.81,0.15,-0.9508,-0.48,1.0394,3,88.96,0.4686
"479631",133,4078,2,-0.04,1.07,1.8433,0.57,1.0394,3,88.96,0.4686
"479632",133,4079,1,0.8,-0.63,-1.4093,1.33,1.0394,3,88.96,0.4686
"479635",133,4082,1,0.7,-0.18,-0.2395,1.33,1.0394,3,88.96,0.4686
"479636",133,4083,2,0.53,-0.33,0.6709,1.33,1.0394,3,88.96,0.4686
"479644",133,4091,2,1.45,2.27,1.8433,0.91,1.0394,3,88.96,0.4686
"479645",133,4092,1,1.41,0.34,-0.2395,1.33,1.0394,3,88.96,0.4686
"479651",133,4098,2,0.48,-0.33,0.2486,0.91,1.0394,3,88.96,0.4686
"479655",134,4102,2,2.53,0.15,-0.9508,3.02,1.7628,3,125.333,0.4686
"479656",134,4103,2,1.23,0.15,0.6709,0.57,1.7628,3,125.333,0.4686
"479657",134,4104,2,2.21,-0.63,-0.2395,3.02,1.7628,3,125.333,0.4686
"479660",134,4107,1,0.74,-0.48,-0.9508,0.91,1.7628,3,125.333,0.4686
"479662",134,4109,2,0.9,1.47,0.6709,1.9,1.7628,3,125.333,0.4686
"479665",134,4112,2,-2.05,-0.48,-0.2395,-0.24,1.7628,3,125.333,0.4686
"479673",134,4120,1,1.41,-0.18,-0.6577,1.9,1.7628,3,125.333,0.4686
"479677",134,4124,1,-0.51,-0.48,-0.6577,0.57,1.7628,3,125.333,0.4686
"479678",134,4125,2,2.09,2.27,-1.1894,3.02,1.7628,3,125.333,0.4686
"479679",134,4126,2,0.29,0.78,1.8433,0.01,1.7628,3,125.333,0.4686
"479683",135,4130,1,0.26,0.34,0.2486,0.27,-0.1263,3,108.05,0.0826
"479687",135,4134,1,-0.14,-0.63,0.2486,0.01,-0.1263,3,108.05,0.0826
"479688",135,4135,2,-0.68,-0.33,0.2486,1.33,-0.1263,3,108.05,0.0826
"479690",135,4137,1,1.45,-1.06,-0.9508,0.91,-0.1263,3,108.05,0.0826
"479691",135,4138,1,-1.89,-0.02,1.8433,-1.85,-0.1263,3,108.05,0.0826
"479692",135,4139,2,-0.8,-0.18,-0.2395,0.27,-0.1263,3,108.05,0.0826
"479694",135,4141,2,-0.47,0.15,0.2486,0.01,-0.1263,3,108.05,0.0826
"479699",135,4146,2,-0.24,2.27,0.2486,0.27,-0.1263,3,108.05,0.0826
"479702",135,4149,1,-0.61,-0.02,0.6709,0.72,-0.1263,3,108.05,0.0826
"479703",135,4150,1,-0.37,-1.06,-0.2395,-1.16,-0.1263,3,108.05,0.0826
"479709",135,4156,2,0.13,1.47,-0.2395,1.33,-0.1263,3,108.05,0.0826
"479713",135,4160,2,0.29,2.27,-0.2395,1.9,-0.1263,3,108.05,0.0826
"479714",135,4161,2,0.22,1.07,-2.8645,3.02,-0.1263,3,108.05,0.0826
"479716",135,4163,2,-0.52,-0.02,1.1169,-0.24,-0.1263,3,108.05,0.0826
"479722",136,4169,2,-1.6,-0.02,0.2486,-1.16,1.7628,3,97.471,-0.7371
"479723",136,4170,1,-0.84,-0.18,-0.6577,0.57,1.7628,3,97.471,-0.7371
"479727",136,4174,1,0.24,-0.48,-1.6333,0.27,1.7628,3,97.471,-0.7371
"479732",136,4179,1,-2.4,-0.02,-0.6577,-0.94,1.7628,3,97.471,-0.7371
"479734",136,4181,1,-2.04,0.54,-0.2395,-0.71,1.7628,3,97.471,-0.7371
"479736",136,4183,2,0.2,2.27,1.8433,1.9,1.7628,3,97.471,-0.7371
"479738",136,4185,1,-0.87,-0.48,-0.2395,0.91,1.7628,3,97.471,-0.7371
"479739",136,4186,1,-0.53,-0.48,-0.6577,-0.48,1.7628,3,97.471,-0.7371
"479742",136,4189,1,-1.86,0.34,-1.1894,-1.85,1.7628,3,97.471,-0.7371
"479783",138,4230,2,0.37,1.47,0.6709,0.91,-0.1263,3,121.833,0.4686
"479785",138,4232,2,-1.15,-0.18,1.8433,-0.71,-0.1263,3,121.833,0.4686
"479790",138,4237,1,1.74,1.47,-0.6577,3.02,-0.1263,3,121.833,0.4686
"479795",138,4242,1,-0.56,0.15,0.2486,0.91,-0.1263,3,121.833,0.4686
"479796",138,4243,2,0,0.78,1.1169,0.91,-0.1263,3,121.833,0.4686
"479797",138,4244,2,-0.92,-0.48,0.6709,0.01,-0.1263,3,121.833,0.4686
"479798",138,4245,2,-0.94,-3.75,-1.1894,-0.28,-0.1263,3,121.833,0.4686
"479802",138,4249,1,-0.74,1.47,1.1169,0.27,-0.1263,3,121.833,0.4686
"479805",138,4252,1,-0.93,0.78,1.8433,-0.24,-0.1263,3,121.833,0.4686
"479806",138,4253,2,-1.53,-3.75,1.8433,-1.16,-0.1263,3,121.833,0.4686
"479808",138,4255,1,0.3,0.34,1.1169,0.91,-0.1263,3,121.833,0.4686
"479810",138,4257,1,0.89,-0.33,-0.2395,0.01,-0.1263,3,121.833,0.4686
"479842",140,4289,1,1.56,-0.18,-1.1894,1.9,0.1183,3,85.444,0.4686
"479843",140,4290,1,0.84,-0.63,0.6709,-0.09,0.1183,3,85.444,0.4686
"479845",140,4292,2,1.27,0.78,-0.2395,1.9,0.1183,3,85.444,0.4686
"479846",140,4293,2,1.36,2.27,1.1169,0.27,0.1183,3,85.444,0.4686
"479848",140,4295,1,0.29,0.54,1.8433,0.01,0.1183,3,85.444,0.4686
"479851",140,4298,1,1.11,1.47,0.6709,0.91,0.1183,3,85.444,0.4686
"479865",140,4312,1,1.23,-0.48,-0.2395,1.9,0.1183,3,85.444,0.4686
"479866",140,4313,2,0.72,1.07,-0.2395,1.9,0.1183,3,85.444,0.4686
"479869",140,4316,2,0.69,-0.48,1.8433,-0.48,0.1183,3,85.444,0.4686
"479874",141,4321,2,1.54,-0.77,-0.6577,1.33,0.6627,3,138.077,-0.7371
"479877",141,4324,2,1.21,2.27,1.8433,0.91,0.6627,3,138.077,-0.7371
"479879",141,4326,1,0.68,-0.33,-0.2395,0.57,0.6627,3,138.077,-0.7371
"479881",141,4328,2,1.09,-0.18,1.8433,0.91,0.6627,3,138.077,-0.7371
"479885",141,4332,2,1.15,-0.02,-0.2395,3.02,0.6627,3,138.077,-0.7371
"479886",141,4333,1,1.36,0.54,1.1169,0.57,0.6627,3,138.077,-0.7371
"479887",141,4334,2,1.82,1.47,0.6709,3.02,0.6627,3,138.077,-0.7371
"479893",141,4340,2,1.6,1.07,1.8433,1.33,0.6627,3,138.077,-0.7371
"479898",141,4345,2,1.19,0.78,0.2486,1.9,0.6627,3,138.077,-0.7371
"479899",141,4346,1,-0.19,1.41,-0.2395,1.33,0.6627,3,138.077,-0.7371
"479901",141,4348,2,0.07,-0.18,0.2486,0.57,0.6627,3,138.077,-0.7371
"479902",141,4349,1,0.89,0.54,-0.9508,0.01,0.6627,3,138.077,-0.7371
"479904",142,4351,1,0.18,-0.92,0.6709,0.27,-0.1263,1,96.444,-0.7371
"479906",142,4353,1,0.95,-0.48,-0.2395,0.57,-0.1263,1,96.444,-0.7371
"479908",142,4355,1,1.6,-0.48,-0.6577,1.33,-0.1263,1,96.444,-0.7371
"479909",142,4356,1,0.49,-0.18,0.6709,0.01,-0.1263,1,96.444,-0.7371
"479910",142,4357,1,0.79,-0.33,0.6709,0.57,-0.1263,1,96.444,-0.7371
"479914",142,4361,1,0.33,-0.33,-0.2395,0.27,-0.1263,1,96.444,-0.7371
"479916",142,4363,1,1.07,-1.06,-1.8868,1.33,-0.1263,1,96.444,-0.7371
"479920",142,4367,2,1.43,0.15,1.1169,3.02,-0.1263,1,96.444,-0.7371
"479924",142,4371,2,0.99,0.15,0.2486,1.33,-0.1263,1,96.444,-0.7371
"479925",142,4372,2,-1.17,-0.18,-0.2395,0.91,-0.1263,1,96.444,-0.7371
"479929",142,4376,1,0.97,-0.63,-0.2395,0.27,-0.1263,1,96.444,-0.7371
"479934",142,4381,1,0.84,-0.48,-0.9508,0.91,-0.1263,1,96.444,-0.7371
"479935",142,4382,1,0.15,-1.06,-0.2395,1.16,-0.1263,1,96.444,-0.7371
"479952",143,4399,2,-0.16,0.15,1.8433,0.57,0.6627,3,117.756,1.4452
"479953",143,4400,1,-0.94,-0.02,-0.9508,-0.71,0.6627,3,117.756,1.4452
"479957",143,4404,2,0.07,-0.48,1.1169,0.57,0.6627,3,117.756,1.4452
"479960",143,4407,2,1.23,2.27,1.1169,0.91,0.6627,3,117.756,1.4452
"479961",143,4408,2,-1.21,-0.33,1.8433,0.27,0.6627,3,117.756,1.4452
"479962",143,4409,2,0.82,0.15,1.8433,0.27,0.6627,3,117.756,1.4452
"479963",143,4410,2,1.24,1.47,1.8433,0.91,0.6627,3,117.756,1.4452
"479966",143,4413,2,1.12,2.27,1.8433,0.91,0.6627,3,117.756,1.4452
"479968",143,4415,2,1.86,1.07,-1.1894,1.33,0.6627,3,117.756,1.4452
"479970",143,4417,2,0.17,-0.02,0.6709,0.27,0.6627,3,117.756,1.4452
"479971",143,4418,2,1.43,2.27,1.8433,1.33,0.6627,3,117.756,1.4452
"479974",143,4421,1,-0.05,-0.33,0.2486,0.27,0.6627,3,117.756,1.4452
"479975",143,4422,2,0.65,0.15,0.2486,-0.24,0.6627,3,117.756,1.4452
"479978",143,4425,2,1.37,-0.33,-0.2395,0.91,0.6627,3,117.756,1.4452
"479984",144,4431,2,0.2,-0.33,-0.9508,0.27,0.6627,3,78,0.4686
"479985",144,4432,2,0.66,0.15,1.8433,-0.71,0.6627,3,78,0.4686
"479986",144,4433,1,-0.84,-0.63,-0.2395,0.01,0.6627,3,78,0.4686
"479993",144,4440,1,1.06,0.34,-0.2395,0.91,0.6627,3,78,0.4686
"479995",144,4442,1,-0.35,-0.48,1.8433,-0.71,0.6627,3,78,0.4686
"479996",144,4443,1,0.67,-0.77,-1.1894,1.33,0.6627,3,78,0.4686
"480006",145,4453,1,-1,-0.33,1.8433,-0.71,0.3739,3,132.765,-0.7371
"480013",145,4460,2,0.21,-0.77,0.2486,0.91,0.3739,3,132.765,-0.7371
"480014",145,4461,2,-0.05,0.15,-0.2395,-0.24,0.3739,3,132.765,-0.7371
"480019",145,4466,2,-2.13,2.27,1.8433,-0.65,0.3739,3,132.765,-0.7371
"480021",145,4468,1,-1.01,-0.77,-0.6577,-0.48,0.3739,3,132.765,-0.7371
"480025",145,4472,2,-0.55,-0.18,1.8433,0.57,0.3739,3,132.765,-0.7371
"480026",145,4473,2,-1.17,0.54,-0.2395,-0.24,0.3739,3,132.765,-0.7371
"480029",145,4476,2,-0.94,-0.33,1.8433,-0.24,0.3739,3,132.765,-0.7371
"480030",145,4477,2,1.14,1.47,1.8433,0.57,0.3739,3,132.765,-0.7371
"480031",145,4478,1,1.06,0.78,1.8433,0.57,0.3739,3,132.765,-0.7371
"480033",146,4480,2,0.45,0.15,-0.6577,-0.24,0.1183,3,203.9,1.4452
"480034",146,4481,2,-0.5,0.15,0.6709,1.33,0.1183,3,203.9,1.4452
"480035",146,4482,1,-1.6,-0.63,-0.2395,-0.24,0.1183,3,203.9,1.4452
"480037",146,4484,1,-0.76,-0.18,-0.2395,-0.48,0.1183,3,203.9,1.4452
"480042",146,4489,1,0.44,-0.18,-0.6577,0.91,0.1183,3,203.9,1.4452
"480043",146,4490,2,-1.01,-1.36,-0.9508,0.01,0.1183,3,203.9,1.4452
"480044",146,4491,2,1.03,-0.48,0.6709,0.91,0.1183,3,203.9,1.4452
"480051",146,4498,2,-0.49,-0.63,0.6709,-0.24,0.1183,3,203.9,1.4452
"480056",146,4503,2,-1.14,-3.75,1.8433,-0.48,0.1183,3,203.9,1.4452
"480058",146,4505,1,-0.08,-1.36,-0.2395,0.57,0.1183,3,203.9,1.4452
"480060",146,4507,1,0.2,-0.33,1.1169,0.91,0.1183,3,203.9,1.4452
"480061",146,4508,1,-0.32,-0.48,-0.2395,0.57,0.1183,3,203.9,1.4452
"480066",146,4513,1,0.03,-0.02,1.1169,1.33,0.1183,3,203.9,1.4452
"480073",147,4520,2,0.42,-0.18,-1.1894,0.57,1.0394,3,75.633,0.4686
"480077",147,4524,1,0.15,0.15,1.1169,1.9,1.0394,3,75.633,0.4686
"480078",147,4525,1,2.09,2.27,-0.6577,1.9,1.0394,3,75.633,0.4686
"480079",147,4526,2,1.14,-0.18,1.8433,0.91,1.0394,3,75.633,0.4686
"480083",147,4530,1,-0.41,-0.02,-0.2395,0.57,1.0394,3,75.633,0.4686
"480086",147,4533,1,-0.12,0.34,-0.6577,0.57,1.0394,3,75.633,0.4686
"480090",147,4537,1,0.23,-1.36,1.8433,0.01,1.0394,3,75.633,0.4686
"480091",147,4538,1,-1.03,0.15,-1.1894,-0.24,1.0394,3,75.633,0.4686
"480092",147,4539,2,-0.42,-0.18,-0.2395,0.91,1.0394,3,75.633,0.4686
"480094",147,4541,1,-1.59,-1.68,-0.9508,0.57,1.0394,3,75.633,0.4686
"480096",147,4543,2,0.84,0.78,0.6709,0.91,1.0394,3,75.633,0.4686
"480098",147,4545,2,1.21,-0.92,-0.2395,1.33,1.0394,3,75.633,0.4686
"480100",148,4547,2,-0.63,-1.06,1.1169,0.57,1.7628,3,80.857,-0.7371
"480105",148,4552,2,1.2,2.27,0.2486,0.91,1.7628,3,80.857,-0.7371
"480106",148,4553,2,-0.74,2.27,1.8433,-0.48,1.7628,3,80.857,-0.7371
"480107",148,4554,1,0.19,-0.77,-1.1894,1.33,1.7628,3,80.857,-0.7371
"480110",148,4557,2,-0.25,0.78,0.6709,0.57,1.7628,3,80.857,-0.7371
"480113",148,4560,2,-1.2,-1.36,-0.9508,-0.24,1.7628,3,80.857,-0.7371
"480118",148,4565,2,-0.3,-0.18,-0.2395,0.01,1.7628,3,80.857,-0.7371
"480119",148,4566,2,0.07,0.78,-0.2395,0.92,1.7628,3,80.857,-0.7371
"480125",148,4572,1,1.3,1.07,1.8433,1.33,1.7628,3,80.857,-0.7371
"480129",148,4576,2,-0.01,1.07,-0.2395,0.91,1.7628,3,80.857,-0.7371
"480132",148,4579,1,2.09,-0.48,-1.1894,3.02,1.7628,3,80.857,-0.7371
"480134",148,4581,2,0.71,-0.63,1.1169,0.91,1.7628,3,80.857,-0.7371
"480135",148,4582,2,-0.12,-0.63,1.8433,0.01,1.7628,3,80.857,-0.7371
"480136",148,4583,1,0.65,-0.02,-0.6577,0.01,1.7628,3,80.857,-0.7371
"480138",148,4585,1,-0.86,-2.57,-0.2395,1.33,1.7628,3,80.857,-0.7371
"480140",149,4587,2,0.97,-0.18,-0.2395,1.04,-0.6241,3,109.75,1.4452
"480143",149,4590,1,0.19,0.78,0.6709,0.39,-0.6241,3,109.75,1.4452
"480145",149,4592,2,0.37,-0.18,0.6709,0.57,-0.6241,3,109.75,1.4452
"480150",149,4597,2,0.16,0.34,0.6709,-0.71,-0.6241,3,109.75,1.4452
"480151",149,4598,1,-0.14,0.78,0.2486,-0.71,-0.6241,3,109.75,1.4452
"480152",149,4599,1,1.16,0.78,1.1169,0.57,-0.6241,3,109.75,1.4452
"480157",149,4604,2,0.1,1.07,0.6709,0.27,-0.6241,3,109.75,1.4452
"480158",149,4605,1,0.06,0.34,1.8433,-0.71,-0.6241,3,109.75,1.4452
"480159",149,4606,1,-1.56,-0.63,0.6709,-1.38,-0.6241,3,109.75,1.4452
"480162",149,4609,1,0.11,0.34,-1.1894,-1.38,-0.6241,3,109.75,1.4452
"480163",150,4610,1,1.66,-0.18,-0.2395,1.9,0.6627,3,163.333,0.4686
"480168",150,4615,2,0.7,0.15,-1.1894,0.27,0.6627,3,163.333,0.4686
"480169",150,4616,2,0.96,0.54,-0.2395,1.33,0.6627,3,163.333,0.4686
"480170",150,4617,2,1.09,1.07,-0.2395,1.9,0.6627,3,163.333,0.4686
"480172",150,4619,2,0.89,-0.77,-0.2395,0.27,0.6627,3,163.333,0.4686
"480178",150,4625,2,1.35,1.47,1.8433,1.33,0.6627,3,163.333,0.4686
"480180",150,4627,1,2.02,-0.33,0.6709,3.02,0.6627,3,163.333,0.4686
"480182",150,4629,1,-0.03,-0.48,0.2486,0.57,0.6627,3,163.333,0.4686
"480185",150,4632,1,-0.56,-0.77,1.1169,-0.71,0.6627,3,163.333,0.4686
"480186",150,4633,1,1.82,1.47,0.6709,1.33,0.6627,3,163.333,0.4686
"480187",150,4634,1,1.19,2.27,1.8433,1.9,0.6627,3,163.333,0.4686
"480193",150,4640,2,1,-0.02,-0.2395,0.01,0.6627,3,163.333,0.4686
"480201",151,4648,1,0.16,-0.77,0.6709,1.33,0.3739,3,88,-0.7371
"480206",151,4653,2,0.4,-0.77,-0.2395,-0.48,0.3739,3,88,-0.7371
"480209",151,4656,2,1.41,2.27,-0.6577,1.9,0.3739,3,88,-0.7371
"480223",151,4670,1,0.9,-1.21,1.1169,1.33,0.3739,3,88,-0.7371
"480224",151,4671,1,-0.18,0.15,-0.6577,1.33,0.3739,3,88,-0.7371
"480225",151,4672,2,0.69,-1.06,-0.6577,1.9,0.3739,3,88,-0.7371
"480226",151,4673,2,1.03,2.27,1.8433,1.9,0.3739,3,88,-0.7371
"480227",151,4674,1,-0.33,0.15,0.6709,-1.16,0.3739,3,88,-0.7371
"480229",151,4676,2,1.35,-0.33,-0.9508,3.02,0.3739,3,88,-0.7371
"480230",151,4677,1,-0.75,-0.18,0.6709,-0.24,0.3739,3,88,-0.7371
"480232",151,4679,1,-0.76,0.15,-0.2395,0.57,0.3739,3,88,-0.7371
"480235",151,4682,1,0.43,0.34,1.8433,1.33,0.3739,3,88,-0.7371
"480236",151,4683,1,1.27,-0.92,1.1169,1.9,0.3739,3,88,-0.7371
"480238",152,4685,2,1.05,-0.02,0.2486,0.27,1.7628,3,13.885,-0.7371
"480240",152,4687,1,0.12,-0.18,-0.2395,-0.24,1.7628,3,13.885,-0.7371
"480244",152,4691,1,0.14,-1.21,1.8433,3.02,1.7628,3,13.885,-0.7371
"480245",152,4692,2,1.14,-0.02,-0.6577,1.33,1.7628,3,13.885,-0.7371
"480246",152,4693,2,0.25,-1.21,-0.2395,0.27,1.7628,3,13.885,-0.7371
"480247",152,4694,1,-0.7,0.54,1.8433,1.33,1.7628,3,13.885,-0.7371
"480248",152,4695,1,-1.09,-0.33,-0.2395,-0.71,1.7628,3,13.885,-0.7371
"480251",152,4698,2,-0.44,-0.48,0.2486,-0.71,1.7628,3,13.885,-0.7371
"480260",152,4707,2,1.05,-0.18,-0.2395,0.27,1.7628,3,13.885,-0.7371
"480264",152,4711,2,-0.88,-0.18,-0.2395,-0.24,1.7628,3,13.885,-0.7371
"480265",152,4712,2,-0.86,-0.18,-0.2395,0.01,1.7628,3,13.885,-0.7371
"480266",152,4713,1,-0.44,-0.18,-0.2395,0.27,1.7628,3,13.885,-0.7371
"480268",153,4715,1,0.99,2.27,1.8433,0.01,0.3739,1,135.75,0.4686
"480269",153,4716,1,0.68,0.44,0.6709,1.9,0.3739,1,135.75,0.4686
"480273",153,4720,2,0.02,0.54,-0.2395,0.91,0.3739,1,135.75,0.4686
"480275",153,4722,2,1.42,-0.33,-0.6577,1.33,0.3739,1,135.75,0.4686
"480286",153,4733,2,0.53,1.47,0.6709,0.91,0.3739,1,135.75,0.4686
"480287",153,4734,2,1.06,-1.06,-1.1894,0.27,0.3739,1,135.75,0.4686
"480289",153,4736,1,0.24,-0.63,-0.2395,1.33,0.3739,1,135.75,0.4686
"480290",153,4737,1,1.12,-0.33,-0.6577,0.57,0.3739,1,135.75,0.4686
"480294",153,4741,1,0.41,-0.02,-0.9508,1.33,0.3739,1,135.75,0.4686
"480296",153,4743,2,0.69,0.15,0.6709,0.91,0.3739,1,135.75,0.4686
"480297",153,4744,1,0.84,-0.48,1.8433,0.91,0.3739,1,135.75,0.4686
"480298",153,4745,2,1.19,-0.48,-0.2395,0.57,0.3739,1,135.75,0.4686
"480299",153,4746,2,-0.23,0.54,-0.2395,0.91,0.3739,1,135.75,0.4686
"480300",153,4747,1,-0.04,0.54,0.2486,0.27,0.3739,1,135.75,0.4686
"480311",154,4758,2,0.01,-0.18,-0.2395,0.01,1.7628,3,106.538,-0.7371
"480312",154,4759,2,-1.04,-0.18,0.2486,-0.71,1.7628,3,106.538,-0.7371
"480317",154,4764,2,-0.29,-0.48,-0.2395,-1.16,1.7628,3,106.538,-0.7371
"480318",154,4765,1,-0.47,0.78,1.8433,-0.24,1.7628,3,106.538,-0.7371
"480321",154,4768,1,0.47,-0.33,-0.6577,0.27,1.7628,3,106.538,-0.7371
"480325",154,4772,1,-0.85,0.54,1.8433,0.57,1.7628,3,106.538,-0.7371
"480328",154,4775,2,0.29,0.15,0.6709,-0.24,1.7628,3,106.538,-0.7371
"480330",154,4777,1,0.37,0.41,-0.6577,0.91,1.7628,3,106.538,-0.7371
"480331",154,4778,2,-0.42,-0.02,-0.6577,-0.48,1.7628,3,106.538,-0.7371
"480332",154,4779,1,0.94,0.78,-0.2395,0.27,1.7628,3,106.538,-0.7371
"480333",154,4780,2,0.33,-0.18,1.1169,-0.93,1.7628,3,106.538,-0.7371
"480342",155,4789,2,1.16,2.27,1.1169,1.33,1.7628,3,119.235,1.4452
"480343",155,4790,1,1.2,0.54,1.1169,0.91,1.7628,3,119.235,1.4452
"480345",155,4792,2,0.91,1.47,-0.6577,0.27,1.7628,3,119.235,1.4452
"480346",155,4793,2,0.89,0.15,0.6709,-0.24,1.7628,3,119.235,1.4452
"480351",155,4798,2,0.18,0.78,0.2486,0.27,1.7628,3,119.235,1.4452
"480352",155,4799,2,0.81,1.07,-0.2395,1.9,1.7628,3,119.235,1.4452
"480363",155,4810,1,-1.03,-3.75,0.2486,0.01,1.7628,3,119.235,1.4452
"480364",155,4811,1,0.72,-0.77,0.6709,0.91,1.7628,3,119.235,1.4452
"480368",155,4815,1,0.11,-0.77,0.6709,0.91,1.7628,3,119.235,1.4452
"480370",155,4817,1,0.35,0.54,1.1169,0.57,1.7628,3,119.235,1.4452
"480374",155,4821,2,-0.68,-0.33,1.1169,-0.24,1.7628,3,119.235,1.4452
"480375",155,4822,2,-0.14,-0.63,-0.2395,0.83,1.7628,3,119.235,1.4452
"480379",156,4826,2,0.65,-0.18,-0.2395,0.57,-0.1263,1,46,0.4686
"480388",157,4835,2,0.51,0.34,1.8433,0.3,1.7628,1,149.091,0.0826
"480390",157,4837,2,-1.17,-0.33,-0.6577,0.01,1.7628,1,149.091,0.0826
"480400",157,4847,2,1.52,-0.18,1.8433,0.57,1.7628,1,149.091,0.0826
"480403",157,4850,2,-0.36,2.27,-0.2395,0.27,1.7628,1,149.091,0.0826
"480409",157,4856,2,0.37,2.27,1.8433,-0.71,1.7628,1,149.091,0.0826
"480411",157,4858,2,0.62,2.27,1.8433,-0.48,1.7628,1,149.091,0.0826
"480413",157,4860,2,-0.09,0.34,1.1169,-0.71,1.7628,1,149.091,0.0826
"480415",158,4862,2,0.08,-0.92,-0.2395,0.91,1.0394,3,151,0.4686
"480417",158,4864,1,1.16,-0.48,-1.1894,0.57,1.0394,3,151,0.4686
"480419",158,4866,2,0.35,-0.48,-0.6577,-0.24,1.0394,3,151,0.4686
"480422",158,4869,1,-0.8,-0.18,-0.2395,-0.24,1.0394,3,151,0.4686
"480427",158,4874,2,-0.17,-0.33,1.1169,0.57,1.0394,3,151,0.4686
"480429",158,4876,1,0.57,-0.48,-0.6577,-0.24,1.0394,3,151,0.4686
"480431",158,4878,2,0.56,1.47,-0.2395,0.01,1.0394,3,151,0.4686
"480433",158,4880,2,-0.8,1.47,1.8433,-0.24,1.0394,3,151,0.4686
"480435",158,4882,1,0.53,1.47,0.6709,0.91,1.0394,3,151,0.4686
"480437",158,4884,1,-0.39,-0.18,-0.2395,0.57,1.0394,3,151,0.4686
"480439",158,4886,2,-0.2,-0.48,-0.6577,1.33,1.0394,3,151,0.4686
"480443",158,4890,2,1.45,-0.33,-0.6577,1.9,1.0394,3,151,0.4686
"480447",159,4894,1,0.27,1.47,0.6709,-0.71,0.3739,3,60.8,0.8541
"480448",159,4895,2,1.54,-0.18,1.1169,0.91,0.3739,3,60.8,0.8541
"480451",159,4898,1,1.43,0.54,-0.2395,1.33,0.3739,3,60.8,0.8541
"480455",159,4902,2,-1.22,-0.02,-0.2395,-0.24,0.3739,3,60.8,0.8541
"480461",159,4908,2,-0.04,1.07,1.1169,-0.48,0.3739,3,60.8,0.8541
"480464",159,4911,1,1.14,2.27,0.2486,0.01,0.3739,3,60.8,0.8541
"480466",159,4913,1,0.95,-0.02,0.2486,0.27,0.3739,3,60.8,0.8541
"480471",159,4918,1,-0.31,-0.48,-1.1894,1.9,0.3739,3,60.8,0.8541
"480473",159,4920,1,1.29,0.54,0.6709,0.91,0.3739,3,60.8,0.8541
"480474",159,4921,2,0.47,-0.33,0.6709,1.33,0.3739,3,60.8,0.8541
"480479",159,4926,1,1.72,2.27,0.6709,1.33,0.3739,3,60.8,0.8541
"480483",160,4930,2,-0.87,1.07,-0.2395,-0.24,0.6627,3,325.5,-0.7371
"480484",161,4931,1,0.63,-0.77,1.1169,0.01,0.3739,3,117.571,0.4686
"480485",161,4932,2,0.52,-0.02,-0.2395,-0.24,0.3739,3,117.571,0.4686
"480488",161,4935,1,0.58,0.34,1.1169,0.57,0.3739,3,117.571,0.4686
"480492",161,4939,2,1.31,-0.18,-0.2395,3.02,0.3739,3,117.571,0.4686
"480497",161,4944,2,1.38,2.27,-0.2395,1.33,0.3739,3,117.571,0.4686
"480499",161,4946,1,1.05,-0.18,0.6709,1.33,0.3739,3,117.571,0.4686
"480507",161,4954,2,0.53,0.54,0.2486,0.91,0.3739,3,117.571,0.4686
"480509",161,4956,1,1.7,1.07,0.6709,1.9,0.3739,3,117.571,0.4686
"480511",161,4958,2,0.5,-0.02,1.1169,0.27,0.3739,3,117.571,0.4686
"480514",161,4961,2,0.75,0.34,1.1169,1.33,0.3739,3,117.571,0.4686
"480520",161,4967,2,-1.23,1.07,0.2486,0.57,0.3739,3,117.571,0.4686
"480522",162,4969,2,-1.7,-3.75,0.2486,-0.71,0.6627,3,105,-1.8308
